80 500
-118.0
20.0
112.0
89.0
-106.0
85.0
-10.0
9.0
27.0
-159.0
-109.0
-52.0
79.0
-144.0
-93.0
72.0
-37.0
101.0
-180.0
-92.0
2.0
136.0
33.0
62.0
126.0
-143.0
-146.0
-4.0
-36.0
75.0
195.0
82.0
67.0
-37.0
-161.0
-137.0
-37.0
-121.0
34.0
79.0
-4.0
83.0
-49.0
107.0
-27.0
-59.0
-129.0
85.0
69.0
-21.0
52.0
23.0
68.0
85.0
-45.0
-73.0
109.0
191.0
-73.0
20.0
187.0
66.0
132.0
-26.0
14.0
130.0
27.0
137.0
-80.0
101.0
37.0
-23.0
53.0
101.0
-113.0
-76.0
-39.0
-5.0
-15.0
49.0
-17.0
-216.0
201.0
9.0
66.0
96.0
-52.0
14.0
-9.0
9.0
-33.0
-66.0
27.0
19.0
73.0
-120.0
65.0
72.0
-24.0
-22.0
-140.0
32.0
216.0
-163.0
21.0
33.0
-8.0
99.0
-167.0
7.0
10.0
-9.0
206.0
108.0
-132.0
77.0
16.0
-176.0
266.0
-26.0
13.0
27.0
-33.0
-57.0
-73.0
-41.0
-97.0
127.0
106.0
-38.0
106.0
121.0
-66.0
18.0
141.0
-223.0
-78.0
60.0
41.0
-72.0
95.0
-18.0
7.0
18.0
-226.0
141.0
154.0
162.0
-31.0
-3.0
60.0
229.0
66.0
13.0
74.0
65.0
-4.0
-7.0
46.0
58.0
39.0
36.0
-63.0
-46.0
73.0
12.0
13.0
100.0
-52.0
96.0
46.0
146.0
-16.0
75.0
-5.0
36.0
50.0
81.0
37.0
137.0
125.0
56.0
-109.0
45.0
-99.0
-68.0
-128.0
-50.0
35.0
23.0
-79.0
-15.0
2.0
-112.0
21.0
61.0
144.0
59.0
212.0
85.0
-6.0
-45.0
-35.0
-36.0
27.0
130.0
7.0
-167.0
-62.0
-147.0
-103.0
-43.0
-191.0
-121.0
59.0
-178.0
45.0
-63.0
-149.0
-5.0
-130.0
-192.0
-6.0
-11.0
-232.0
-80.0
-97.0
55.0
11.0
10.0
113.0
63.0
85.0
-103.0
43.0
-32.0
-10.0
-2.0
116.0
-71.0
180.0
193.0
-116.0
67.0
-18.0
71.0
57.0
86.0
53.0
47.0
26.0
-75.0
58.0
-7.0
-241.0
-84.0
74.0
-62.0
17.0
-51.0
-192.0
78.0
-81.0
41.0
164.0
-88.0
-43.0
-140.0
-134.0
164.0
0.0
88.0
-15.0
36.0
-44.0
-49.0
-80.0
83.0
3.0
-13.0
-51.0
149.0
28.0
8.0
43.0
-51.0
5.0
77.0
-22.0
-32.0
175.0
11.0
-55.0
-16.0
34.0
-3.0
-127.0
-113.0
-206.0
2.0
-231.0
-73.0
16.0
-19.0
-97.0
-13.0
-84.0
165.0
-63.0
90.0
-23.0
148.0
36.0
78.0
-154.0
-64.0
-89.0
90.0
146.0
-39.0
-25.0
-17.0
149.0
-40.0
-121.0
-53.0
26.0
26.0
-96.0
96.0
-131.0
78.0
-93.0
126.0
29.0
4.0
-50.0
-59.0
-134.0
13.0
0.0
46.0
123.0
-133.0
0.0
-217.0
-60.0
35.0
61.0
36.0
167.0
41.0
-135.0
202.0
-12.0
-62.0
-181.0
7.0
18.0
-203.0
259.0
118.0
-57.0
3.0
-40.0
-70.0
-61.0
-24.0
-92.0
101.0
-68.0
190.0
142.0
107.0
107.0
-52.0
-86.0
-13.0
-36.0
-103.0
0.0
35.0
-154.0
-65.0
35.0
250.0
59.0
-17.0
-20.0
86.0
62.0
41.0
22.0
316.0
-102.0
-18.0
-14.0
-8.0
-38.0
58.0
59.0
-160.0
-164.0
-7.0
-152.0
-15.0
50.0
48.0
198.0
-11.0
-203.0
-107.0
-37.0
-38.0
-60.0
23.0
46.0
121.0
41.0
128.0
-137.0
165.0
123.0
-17.0
-132.0
-51.0
-158.0
2.0
63.0
101.0
-16.0
21.0
-127.0
34.0
90.0
-99.0
157.0
24.0
-106.0
63.0
-87.0
-89.0
-62.0
76.0
177.0
61.0
-103.0
13.0
-105.0
-33.0
170.0
-127.0
159.0
-114.0
58.0
-116.0
28.0
-125.0
37.0
17.0
-180.0
-158.0
-1.0
7.0
79.0
2.0
25.0
62.0
-11.0
291.0
149.0
-9.0
-106.0
-7.0
-62.0
18.0
212.0
-32.0
35.0
-29.0
110.0
56.0
-153.0
-23.0
-177.0
153.0
-107.0
206.0
-76.0
115.0
-92.0
82.0
-4.0
-37.0
116.0
151.0
-171.0
-5.0
15.0
175.0
