100
7570.0
7151.0
5100.0
1278.0
992.0
1637.0
8763.0
7375.0
2442.0
4330.0
470.0
2927.0
8988.0
5384.0
8266.0
4180.0
1719.0
8635.0
4460.0
2071.0
3015.0
6455.0
8287.0
6936.0
4511.0
5008.0
549.0
4958.0
9889.0
5089.0
8869.0
8313.0
1604.0
8915.0
5488.0
5633.0
4843.0
9865.0
6950.0
623.0
5098.0
480.0
6458.0
4429.0
8062.0
3797.0
5208.0
1744.0
1786.0
4485.0
8597.0
1507.0
1440.0
9217.0
6824.0
544.0
6413.0
161.0
7132.0
2517.0
7996.0
1600.0
6677.0
5163.0
3440.0
7244.0
880.0
5940.0
8775.0
5068.0
1967.0
9942.0
8456.0
7202.0
6386.0
4196.0
4664.0
4727.0
7799.0
9345.0
2850.0
1128.0
4432.0
3074.0
2982.0
3572.0
5696.0
9669.0
7915.0
8193.0
3205.0
6562.0
1223.0
4121.0
5596.0
1885.0
6964.0
1139.0
4858.0
6649.0
