10000
450.0
559.0
458.0
469.0
457.0
502.0
448.0
440.0
537.0
474.0
362.0
541.0
524.0
484.0
396.0
464.0
485.0
442.0
525.0
356.0
512.0
526.0
456.0
477.0
488.0
571.0
433.0
599.0
376.0
440.0
450.0
524.0
511.0
440.0
521.0
431.0
556.0
495.0
463.0
451.0
436.0
423.0
565.0
478.0
470.0
501.0
568.0
510.0
499.0
456.0
551.0
510.0
511.0
469.0
476.0
489.0
494.0
612.0
574.0
600.0
509.0
424.0
502.0
405.0
518.0
491.0
498.0
508.0
406.0
421.0
523.0
531.0
485.0
491.0
499.0
496.0
455.0
441.0
463.0
526.0
482.0
508.0
568.0
384.0
572.0
516.0
516.0
467.0
529.0
463.0
433.0
542.0
486.0
501.0
515.0
583.0
550.0
509.0
479.0
527.0
548.0
451.0
493.0
581.0
422.0
524.0
532.0
469.0
481.0
501.0
435.0
506.0
541.0
505.0
480.0
439.0
466.0
425.0
596.0
474.0
449.0
484.0
471.0
462.0
468.0
541.0
418.0
406.0
477.0
555.0
441.0
496.0
541.0
595.0
467.0
500.0
491.0
588.0
411.0
443.0
480.0
456.0
396.0
407.0
548.0
534.0
553.0
435.0
431.0
501.0
515.0
504.0
544.0
528.0
513.0
529.0
538.0
574.0
563.0
456.0
482.0
407.0
558.0
447.0
519.0
504.0
525.0
464.0
497.0
437.0
565.0
392.0
489.0
419.0
458.0
560.0
519.0
442.0
530.0
567.0
425.0
570.0
522.0
466.0
419.0
493.0
430.0
482.0
431.0
483.0
482.0
420.0
456.0
522.0
566.0
474.0
473.0
481.0
533.0
607.0
603.0
562.0
517.0
574.0
544.0
505.0
493.0
492.0
430.0
533.0
500.0
528.0
497.0
468.0
471.0
543.0
602.0
489.0
498.0
540.0
484.0
517.0
500.0
484.0
577.0
457.0
437.0
485.0
472.0
508.0
537.0
455.0
429.0
502.0
416.0
568.0
403.0
444.0
526.0
484.0
460.0
447.0
443.0
541.0
570.0
506.0
410.0
435.0
529.0
482.0
438.0
485.0
568.0
503.0
535.0
471.0
544.0
466.0
465.0
451.0
461.0
535.0
558.0
429.0
581.0
442.0
443.0
517.0
498.0
474.0
478.0
504.0
357.0
544.0
502.0
470.0
537.0
503.0
413.0
561.0
454.0
426.0
494.0
508.0
501.0
545.0
431.0
495.0
482.0
431.0
548.0
445.0
443.0
534.0
579.0
505.0
544.0
486.0
602.0
478.0
475.0
568.0
452.0
469.0
447.0
530.0
466.0
499.0
448.0
448.0
441.0
557.0
552.0
486.0
535.0
538.0
508.0
411.0
432.0
550.0
491.0
526.0
490.0
479.0
459.0
444.0
553.0
487.0
494.0
490.0
489.0
496.0
504.0
460.0
471.0
499.0
573.0
471.0
433.0
545.0
493.0
496.0
461.0
573.0
508.0
585.0
517.0
481.0
445.0
546.0
534.0
436.0
482.0
453.0
475.0
521.0
432.0
550.0
421.0
473.0
385.0
473.0
464.0
555.0
507.0
433.0
405.0
465.0
529.0
520.0
457.0
527.0
550.0
483.0
546.0
534.0
501.0
513.0
493.0
580.0
425.0
533.0
535.0
482.0
497.0
533.0
456.0
503.0
497.0
474.0
500.0
462.0
530.0
583.0
503.0
472.0
399.0
501.0
553.0
536.0
491.0
561.0
454.0
424.0
619.0
507.0
460.0
536.0
354.0
458.0
515.0
533.0
462.0
532.0
447.0
547.0
532.0
601.0
479.0
530.0
496.0
495.0
511.0
545.0
549.0
467.0
435.0
596.0
442.0
528.0
529.0
553.0
404.0
482.0
439.0
442.0
496.0
543.0
560.0
503.0
520.0
482.0
550.0
596.0
426.0
544.0
435.0
518.0
528.0
487.0
576.0
594.0
505.0
413.0
500.0
508.0
585.0
432.0
487.0
613.0
513.0
505.0
391.0
495.0
543.0
451.0
480.0
526.0
555.0
558.0
505.0
566.0
504.0
543.0
576.0
500.0
437.0
511.0
542.0
499.0
475.0
534.0
476.0
487.0
385.0
365.0
536.0
531.0
480.0
548.0
606.0
508.0
542.0
432.0
495.0
609.0
407.0
471.0
457.0
442.0
527.0
415.0
438.0
496.0
564.0
441.0
543.0
483.0
524.0
474.0
436.0
382.0
578.0
449.0
613.0
522.0
407.0
481.0
501.0
487.0
509.0
503.0
489.0
457.0
490.0
483.0
443.0
512.0
518.0
504.0
609.0
494.0
567.0
448.0
464.0
494.0
541.0
444.0
551.0
503.0
469.0
502.0
459.0
436.0
388.0
470.0
487.0
515.0
483.0
569.0
417.0
415.0
437.0
453.0
471.0
440.0
476.0
460.0
542.0
523.0
412.0
548.0
431.0
646.0
374.0
531.0
492.0
533.0
536.0
559.0
538.0
405.0
444.0
413.0
472.0
496.0
520.0
472.0
450.0
485.0
339.0
572.0
451.0
515.0
502.0
461.0
606.0
502.0
445.0
512.0
589.0
514.0
406.0
464.0
572.0
486.0
558.0
478.0
410.0
491.0
557.0
506.0
462.0
547.0
528.0
509.0
447.0
504.0
486.0
440.0
534.0
478.0
472.0
476.0
433.0
400.0
427.0
427.0
520.0
514.0
535.0
477.0
391.0
460.0
579.0
517.0
450.0
468.0
511.0
536.0
442.0
499.0
513.0
488.0
527.0
515.0
389.0
529.0
551.0
480.0
498.0
507.0
452.0
557.0
539.0
440.0
544.0
517.0
532.0
505.0
459.0
483.0
636.0
575.0
464.0
521.0
518.0
582.0
489.0
472.0
480.0
483.0
400.0
538.0
424.0
479.0
524.0
501.0
505.0
488.0
524.0
492.0
550.0
502.0
504.0
530.0
485.0
513.0
447.0
472.0
434.0
531.0
558.0
518.0
443.0
539.0
471.0
528.0
494.0
514.0
510.0
508.0
454.0
527.0
528.0
628.0
544.0
464.0
405.0
567.0
459.0
528.0
480.0
426.0
448.0
405.0
601.0
480.0
547.0
489.0
490.0
507.0
444.0
535.0
525.0
475.0
520.0
444.0
478.0
515.0
434.0
519.0
485.0
447.0
401.0
506.0
518.0
396.0
478.0
514.0
462.0
554.0
470.0
478.0
468.0
559.0
455.0
490.0
571.0
414.0
434.0
583.0
452.0
499.0
562.0
552.0
425.0
516.0
513.0
557.0
419.0
473.0
497.0
517.0
455.0
547.0
439.0
514.0
418.0
506.0
493.0
464.0
423.0
574.0
575.0
495.0
501.0
472.0
522.0
565.0
500.0
517.0
466.0
515.0
484.0
475.0
429.0
499.0
505.0
507.0
455.0
535.0
468.0
455.0
590.0
503.0
451.0
486.0
444.0
422.0
560.0
463.0
524.0
492.0
579.0
514.0
441.0
498.0
507.0
513.0
537.0
603.0
546.0
536.0
488.0
537.0
540.0
538.0
494.0
432.0
484.0
444.0
508.0
474.0
557.0
410.0
509.0
507.0
533.0
481.0
455.0
522.0
487.0
549.0
409.0
507.0
503.0
558.0
483.0
450.0
406.0
546.0
366.0
327.0
452.0
471.0
453.0
544.0
510.0
605.0
492.0
487.0
477.0
557.0
455.0
527.0
539.0
563.0
534.0
549.0
534.0
574.0
585.0
451.0
419.0
531.0
566.0
527.0
529.0
435.0
561.0
465.0
527.0
500.0
514.0
526.0
495.0
516.0
558.0
491.0
443.0
397.0
523.0
527.0
464.0
505.0
549.0
539.0
448.0
515.0
594.0
444.0
525.0
493.0
564.0
441.0
569.0
586.0
527.0
509.0
521.0
557.0
504.0
555.0
461.0
488.0
554.0
544.0
474.0
539.0
510.0
495.0
544.0
538.0
502.0
464.0
492.0
495.0
477.0
541.0
544.0
517.0
440.0
408.0
465.0
452.0
520.0
387.0
477.0
436.0
406.0
602.0
521.0
461.0
517.0
477.0
493.0
455.0
537.0
514.0
519.0
487.0
528.0
500.0
512.0
517.0
537.0
498.0
501.0
419.0
519.0
490.0
462.0
492.0
512.0
579.0
434.0
516.0
554.0
511.0
445.0
498.0
487.0
468.0
479.0
462.0
522.0
572.0
574.0
426.0
569.0
445.0
515.0
510.0
526.0
522.0
485.0
535.0
538.0
443.0
464.0
531.0
509.0
455.0
499.0
489.0
582.0
478.0
532.0
559.0
536.0
504.0
516.0
474.0
520.0
510.0
576.0
455.0
480.0
471.0
418.0
412.0
521.0
458.0
474.0
479.0
542.0
536.0
521.0
447.0
604.0
576.0
546.0
492.0
479.0
454.0
562.0
535.0
566.0
536.0
509.0
433.0
507.0
523.0
632.0
467.0
426.0
524.0
491.0
519.0
472.0
513.0
461.0
461.0
410.0
448.0
522.0
463.0
485.0
531.0
471.0
501.0
483.0
508.0
474.0
529.0
433.0
515.0
477.0
480.0
571.0
465.0
545.0
442.0
548.0
392.0
553.0
500.0
470.0
406.0
589.0
507.0
533.0
435.0
556.0
497.0
531.0
434.0
460.0
538.0
517.0
545.0
526.0
471.0
506.0
507.0
525.0
446.0
416.0
529.0
492.0
532.0
516.0
411.0
506.0
540.0
476.0
454.0
571.0
464.0
522.0
439.0
399.0
402.0
445.0
544.0
420.0
524.0
547.0
562.0
561.0
533.0
345.0
502.0
502.0
405.0
539.0
469.0
473.0
503.0
437.0
543.0
471.0
587.0
557.0
566.0
562.0
453.0
513.0
481.0
532.0
436.0
445.0
515.0
463.0
534.0
472.0
487.0
575.0
458.0
512.0
496.0
406.0
555.0
428.0
517.0
509.0
452.0
465.0
505.0
547.0
483.0
458.0
468.0
526.0
495.0
491.0
507.0
517.0
476.0
641.0
429.0
630.0
497.0
499.0
502.0
523.0
437.0
471.0
550.0
501.0
545.0
535.0
447.0
536.0
563.0
484.0
600.0
501.0
480.0
477.0
529.0
492.0
542.0
560.0
542.0
427.0
483.0
465.0
518.0
614.0
538.0
415.0
465.0
377.0
422.0
483.0
503.0
605.0
476.0
464.0
509.0
499.0
512.0
424.0
520.0
358.0
528.0
542.0
524.0
602.0
563.0
465.0
452.0
561.0
478.0
554.0
450.0
582.0
450.0
513.0
461.0
512.0
563.0
514.0
491.0
483.0
504.0
460.0
470.0
519.0
532.0
486.0
426.0
557.0
576.0
512.0
395.0
511.0
507.0
513.0
559.0
506.0
444.0
475.0
522.0
424.0
533.0
471.0
466.0
466.0
535.0
494.0
521.0
371.0
386.0
558.0
474.0
431.0
448.0
469.0
604.0
499.0
515.0
459.0
512.0
400.0
484.0
540.0
508.0
578.0
573.0
488.0
463.0
447.0
526.0
533.0
453.0
509.0
555.0
443.0
477.0
540.0
510.0
453.0
471.0
476.0
558.0
517.0
550.0
495.0
512.0
524.0
510.0
463.0
468.0
497.0
528.0
419.0
456.0
491.0
435.0
520.0
530.0
491.0
590.0
363.0
478.0
542.0
529.0
490.0
542.0
462.0
504.0
473.0
503.0
436.0
459.0
427.0
466.0
388.0
477.0
530.0
511.0
526.0
422.0
463.0
546.0
446.0
510.0
476.0
569.0
463.0
545.0
486.0
469.0
531.0
486.0
486.0
506.0
484.0
522.0
556.0
619.0
491.0
528.0
516.0
492.0
526.0
547.0
525.0
487.0
517.0
322.0
490.0
491.0
509.0
545.0
465.0
501.0
404.0
466.0
597.0
515.0
485.0
501.0
475.0
502.0
529.0
516.0
510.0
482.0
623.0
400.0
494.0
479.0
576.0
446.0
506.0
445.0
332.0
498.0
568.0
470.0
468.0
599.0
492.0
437.0
432.0
564.0
469.0
534.0
459.0
478.0
500.0
526.0
499.0
509.0
413.0
435.0
480.0
494.0
499.0
486.0
563.0
543.0
477.0
477.0
559.0
587.0
435.0
564.0
541.0
376.0
529.0
505.0
413.0
535.0
466.0
497.0
569.0
492.0
454.0
486.0
471.0
456.0
519.0
465.0
515.0
518.0
529.0
527.0
425.0
468.0
446.0
455.0
461.0
587.0
482.0
507.0
388.0
488.0
463.0
539.0
497.0
484.0
567.0
514.0
468.0
408.0
511.0
460.0
569.0
425.0
535.0
465.0
421.0
523.0
472.0
555.0
501.0
485.0
433.0
453.0
419.0
407.0
513.0
491.0
550.0
536.0
504.0
463.0
505.0
514.0
527.0
456.0
460.0
398.0
496.0
393.0
553.0
425.0
562.0
511.0
483.0
443.0
510.0
443.0
533.0
516.0
617.0
488.0
542.0
503.0
549.0
528.0
545.0
459.0
425.0
484.0
477.0
470.0
524.0
524.0
495.0
455.0
526.0
449.0
501.0
566.0
483.0
561.0
472.0
526.0
485.0
494.0
568.0
556.0
576.0
465.0
557.0
440.0
552.0
542.0
492.0
431.0
437.0
576.0
489.0
507.0
506.0
502.0
562.0
565.0
602.0
453.0
491.0
477.0
567.0
510.0
548.0
453.0
591.0
550.0
475.0
520.0
486.0
551.0
578.0
543.0
504.0
468.0
412.0
503.0
484.0
491.0
572.0
461.0
450.0
493.0
466.0
548.0
520.0
476.0
485.0
399.0
502.0
454.0
551.0
522.0
510.0
562.0
484.0
569.0
425.0
482.0
566.0
498.0
544.0
461.0
466.0
514.0
463.0
495.0
488.0
425.0
471.0
503.0
553.0
557.0
568.0
534.0
511.0
496.0
453.0
504.0
477.0
522.0
513.0
474.0
432.0
465.0
414.0
425.0
477.0
504.0
521.0
478.0
482.0
578.0
516.0
522.0
495.0
446.0
519.0
559.0
450.0
478.0
510.0
445.0
478.0
449.0
474.0
546.0
607.0
561.0
416.0
474.0
637.0
515.0
477.0
509.0
466.0
493.0
577.0
454.0
499.0
548.0
512.0
535.0
469.0
497.0
579.0
496.0
475.0
529.0
493.0
429.0
543.0
447.0
536.0
543.0
534.0
555.0
510.0
529.0
517.0
458.0
598.0
560.0
500.0
519.0
418.0
486.0
427.0
604.0
455.0
463.0
496.0
506.0
459.0
564.0
557.0
494.0
535.0
460.0
493.0
466.0
534.0
451.0
480.0
496.0
480.0
496.0
492.0
514.0
534.0
517.0
505.0
494.0
493.0
576.0
450.0
584.0
532.0
526.0
361.0
439.0
484.0
457.0
529.0
489.0
476.0
537.0
498.0
515.0
443.0
561.0
441.0
611.0
543.0
464.0
438.0
527.0
472.0
504.0
567.0
550.0
478.0
546.0
545.0
511.0
549.0
440.0
523.0
473.0
653.0
442.0
544.0
463.0
477.0
523.0
503.0
562.0
485.0
554.0
496.0
486.0
485.0
488.0
528.0
486.0
441.0
475.0
456.0
550.0
451.0
500.0
503.0
527.0
470.0
495.0
499.0
490.0
504.0
534.0
563.0
483.0
454.0
461.0
451.0
508.0
481.0
418.0
553.0
436.0
573.0
469.0
465.0
553.0
591.0
579.0
400.0
380.0
533.0
574.0
461.0
419.0
447.0
416.0
485.0
522.0
503.0
505.0
537.0
567.0
464.0
568.0
473.0
437.0
508.0
436.0
493.0
548.0
493.0
566.0
527.0
499.0
553.0
407.0
568.0
532.0
457.0
607.0
521.0
537.0
594.0
501.0
521.0
526.0
527.0
529.0
478.0
444.0
522.0
506.0
518.0
546.0
457.0
531.0
470.0
516.0
539.0
517.0
479.0
482.0
425.0
509.0
519.0
429.0
562.0
578.0
550.0
571.0
478.0
524.0
477.0
438.0
512.0
522.0
506.0
525.0
501.0
430.0
504.0
487.0
498.0
465.0
464.0
512.0
545.0
515.0
562.0
614.0
488.0
512.0
570.0
419.0
501.0
488.0
521.0
484.0
452.0
548.0
523.0
416.0
492.0
627.0
556.0
575.0
495.0
471.0
510.0
502.0
569.0
426.0
454.0
535.0
468.0
488.0
592.0
422.0
503.0
511.0
491.0
496.0
466.0
545.0
493.0
460.0
533.0
553.0
581.0
519.0
572.0
457.0
554.0
564.0
521.0
459.0
470.0
456.0
542.0
451.0
583.0
398.0
548.0
510.0
524.0
542.0
652.0
547.0
528.0
434.0
587.0
404.0
593.0
531.0
497.0
522.0
511.0
520.0
524.0
538.0
528.0
469.0
509.0
504.0
487.0
443.0
484.0
481.0
431.0
603.0
457.0
461.0
476.0
382.0
497.0
461.0
568.0
582.0
452.0
510.0
465.0
484.0
551.0
428.0
411.0
532.0
495.0
562.0
568.0
570.0
468.0
505.0
471.0
588.0
447.0
602.0
528.0
612.0
408.0
482.0
428.0
488.0
487.0
525.0
493.0
505.0
416.0
483.0
403.0
485.0
545.0
465.0
444.0
514.0
452.0
498.0
521.0
559.0
520.0
575.0
534.0
482.0
436.0
565.0
543.0
482.0
436.0
479.0
471.0
630.0
453.0
489.0
520.0
579.0
518.0
464.0
512.0
350.0
463.0
511.0
560.0
504.0
508.0
535.0
454.0
573.0
553.0
497.0
574.0
458.0
482.0
449.0
522.0
508.0
467.0
558.0
451.0
409.0
585.0
538.0
502.0
575.0
515.0
537.0
437.0
499.0
489.0
587.0
479.0
530.0
504.0
474.0
554.0
488.0
537.0
451.0
501.0
402.0
499.0
516.0
536.0
443.0
493.0
422.0
473.0
518.0
580.0
581.0
498.0
487.0
476.0
505.0
529.0
489.0
492.0
462.0
428.0
536.0
527.0
411.0
522.0
529.0
401.0
610.0
488.0
488.0
485.0
450.0
506.0
439.0
488.0
456.0
441.0
514.0
476.0
527.0
413.0
489.0
463.0
478.0
419.0
447.0
416.0
564.0
402.0
531.0
431.0
398.0
464.0
407.0
573.0
521.0
471.0
559.0
529.0
543.0
526.0
469.0
438.0
401.0
505.0
505.0
486.0
640.0
364.0
456.0
527.0
510.0
426.0
539.0
531.0
580.0
464.0
517.0
442.0
533.0
507.0
427.0
513.0
513.0
552.0
461.0
443.0
537.0
523.0
483.0
534.0
506.0
571.0
537.0
501.0
562.0
502.0
425.0
574.0
472.0
566.0
555.0
430.0
479.0
554.0
504.0
491.0
473.0
525.0
547.0
416.0
456.0
542.0
512.0
578.0
587.0
511.0
514.0
512.0
463.0
463.0
509.0
466.0
507.0
597.0
488.0
469.0
486.0
467.0
481.0
583.0
529.0
534.0
478.0
478.0
501.0
491.0
483.0
515.0
364.0
469.0
574.0
464.0
485.0
458.0
571.0
477.0
504.0
542.0
526.0
410.0
503.0
493.0
530.0
591.0
410.0
465.0
489.0
464.0
455.0
498.0
469.0
484.0
577.0
469.0
555.0
537.0
600.0
567.0
616.0
483.0
445.0
491.0
582.0
369.0
564.0
589.0
522.0
449.0
497.0
451.0
473.0
469.0
513.0
490.0
482.0
451.0
524.0
486.0
531.0
460.0
570.0
571.0
445.0
500.0
409.0
557.0
572.0
534.0
512.0
455.0
489.0
471.0
465.0
485.0
565.0
457.0
532.0
417.0
440.0
578.0
434.0
534.0
532.0
512.0
454.0
529.0
528.0
459.0
417.0
469.0
580.0
448.0
517.0
602.0
445.0
489.0
450.0
502.0
508.0
487.0
557.0
534.0
437.0
567.0
495.0
444.0
455.0
506.0
479.0
485.0
517.0
542.0
514.0
439.0
482.0
363.0
545.0
556.0
497.0
534.0
554.0
439.0
485.0
532.0
545.0
508.0
406.0
456.0
555.0
473.0
480.0
486.0
581.0
527.0
558.0
496.0
463.0
465.0
411.0
536.0
565.0
527.0
478.0
375.0
480.0
568.0
439.0
592.0
519.0
512.0
510.0
495.0
554.0
446.0
528.0
484.0
428.0
511.0
478.0
426.0
516.0
471.0
464.0
587.0
437.0
487.0
514.0
461.0
411.0
396.0
469.0
546.0
569.0
454.0
457.0
531.0
540.0
513.0
537.0
478.0
506.0
462.0
467.0
586.0
520.0
475.0
492.0
422.0
530.0
521.0
470.0
460.0
482.0
456.0
437.0
475.0
491.0
456.0
468.0
438.0
523.0
504.0
545.0
477.0
489.0
403.0
588.0
499.0
435.0
472.0
523.0
431.0
496.0
504.0
504.0
539.0
465.0
469.0
584.0
473.0
477.0
566.0
460.0
545.0
475.0
522.0
495.0
504.0
516.0
495.0
493.0
498.0
514.0
517.0
435.0
456.0
517.0
421.0
402.0
463.0
359.0
468.0
464.0
443.0
549.0
536.0
451.0
544.0
497.0
442.0
529.0
499.0
565.0
490.0
538.0
467.0
536.0
509.0
469.0
551.0
419.0
574.0
437.0
462.0
485.0
460.0
480.0
589.0
513.0
493.0
507.0
406.0
474.0
613.0
615.0
504.0
505.0
531.0
481.0
481.0
573.0
626.0
472.0
570.0
472.0
548.0
539.0
550.0
474.0
468.0
506.0
479.0
520.0
509.0
452.0
544.0
539.0
502.0
511.0
481.0
520.0
445.0
414.0
504.0
543.0
436.0
471.0
580.0
497.0
535.0
484.0
505.0
442.0
547.0
499.0
494.0
499.0
512.0
475.0
481.0
601.0
558.0
477.0
504.0
473.0
470.0
498.0
468.0
483.0
542.0
615.0
504.0
446.0
518.0
548.0
565.0
450.0
427.0
467.0
460.0
473.0
608.0
601.0
458.0
481.0
593.0
583.0
541.0
479.0
577.0
518.0
544.0
516.0
434.0
469.0
540.0
552.0
431.0
473.0
505.0
424.0
523.0
483.0
439.0
579.0
377.0
521.0
505.0
461.0
470.0
430.0
489.0
492.0
413.0
501.0
560.0
498.0
523.0
530.0
533.0
581.0
476.0
558.0
511.0
572.0
510.0
501.0
460.0
523.0
544.0
528.0
506.0
477.0
471.0
468.0
492.0
516.0
433.0
468.0
570.0
477.0
535.0
561.0
541.0
536.0
572.0
497.0
561.0
412.0
528.0
423.0
563.0
526.0
493.0
482.0
486.0
516.0
515.0
462.0
457.0
418.0
493.0
455.0
589.0
419.0
619.0
510.0
456.0
530.0
507.0
493.0
489.0
579.0
459.0
493.0
406.0
513.0
470.0
512.0
416.0
480.0
531.0
518.0
436.0
427.0
506.0
528.0
517.0
579.0
511.0
410.0
544.0
450.0
521.0
495.0
398.0
599.0
516.0
433.0
511.0
510.0
530.0
486.0
470.0
525.0
505.0
592.0
518.0
547.0
579.0
519.0
479.0
442.0
451.0
438.0
573.0
526.0
554.0
637.0
423.0
578.0
488.0
524.0
465.0
490.0
552.0
528.0
482.0
468.0
465.0
487.0
550.0
458.0
566.0
500.0
444.0
494.0
548.0
516.0
581.0
572.0
566.0
518.0
417.0
585.0
478.0
557.0
386.0
447.0
537.0
499.0
415.0
504.0
502.0
491.0
641.0
569.0
508.0
445.0
530.0
568.0
532.0
438.0
471.0
464.0
538.0
387.0
492.0
483.0
362.0
491.0
507.0
504.0
596.0
464.0
505.0
495.0
415.0
481.0
460.0
496.0
519.0
551.0
533.0
545.0
535.0
500.0
456.0
496.0
475.0
365.0
430.0
420.0
498.0
492.0
443.0
505.0
406.0
542.0
475.0
516.0
447.0
485.0
495.0
507.0
436.0
418.0
549.0
467.0
552.0
420.0
473.0
551.0
489.0
497.0
448.0
411.0
561.0
410.0
515.0
509.0
595.0
411.0
478.0
546.0
493.0
488.0
502.0
467.0
359.0
453.0
443.0
506.0
483.0
596.0
498.0
455.0
515.0
546.0
545.0
365.0
486.0
532.0
475.0
461.0
442.0
461.0
578.0
397.0
479.0
519.0
516.0
549.0
490.0
472.0
523.0
417.0
494.0
482.0
469.0
428.0
538.0
554.0
459.0
456.0
467.0
515.0
402.0
562.0
518.0
526.0
481.0
472.0
510.0
421.0
469.0
535.0
521.0
430.0
565.0
467.0
493.0
503.0
438.0
493.0
459.0
520.0
497.0
454.0
442.0
507.0
518.0
464.0
453.0
552.0
551.0
483.0
485.0
425.0
481.0
490.0
432.0
530.0
505.0
488.0
434.0
429.0
515.0
498.0
521.0
536.0
557.0
422.0
611.0
541.0
426.0
518.0
569.0
527.0
491.0
536.0
351.0
417.0
474.0
499.0
558.0
595.0
577.0
395.0
423.0
490.0
472.0
460.0
512.0
460.0
508.0
494.0
418.0
525.0
530.0
570.0
569.0
570.0
424.0
393.0
504.0
657.0
473.0
490.0
421.0
452.0
346.0
553.0
597.0
559.0
592.0
558.0
572.0
539.0
463.0
512.0
445.0
437.0
550.0
546.0
638.0
504.0
495.0
448.0
479.0
641.0
393.0
487.0
475.0
545.0
565.0
558.0
458.0
494.0
580.0
448.0
604.0
482.0
519.0
571.0
515.0
563.0
562.0
464.0
414.0
514.0
512.0
447.0
530.0
469.0
501.0
495.0
540.0
514.0
601.0
432.0
452.0
508.0
382.0
586.0
461.0
465.0
458.0
516.0
461.0
510.0
552.0
532.0
551.0
519.0
470.0
464.0
520.0
483.0
466.0
500.0
608.0
528.0
502.0
495.0
452.0
517.0
498.0
523.0
562.0
540.0
374.0
615.0
474.0
535.0
540.0
426.0
511.0
447.0
431.0
569.0
530.0
420.0
449.0
429.0
457.0
497.0
509.0
587.0
536.0
420.0
460.0
447.0
493.0
573.0
463.0
590.0
488.0
538.0
473.0
421.0
587.0
473.0
472.0
505.0
493.0
495.0
442.0
516.0
445.0
515.0
487.0
421.0
573.0
491.0
481.0
474.0
498.0
550.0
478.0
443.0
579.0
450.0
429.0
547.0
474.0
436.0
514.0
427.0
497.0
492.0
446.0
485.0
527.0
419.0
554.0
532.0
418.0
535.0
479.0
463.0
512.0
537.0
422.0
561.0
487.0
468.0
449.0
538.0
526.0
549.0
472.0
545.0
390.0
485.0
480.0
551.0
511.0
449.0
418.0
505.0
534.0
464.0
490.0
473.0
481.0
583.0
616.0
432.0
509.0
519.0
367.0
546.0
464.0
459.0
528.0
414.0
455.0
459.0
552.0
455.0
472.0
454.0
545.0
519.0
434.0
471.0
600.0
456.0
486.0
520.0
503.0
500.0
448.0
565.0
520.0
440.0
450.0
597.0
558.0
505.0
474.0
501.0
570.0
529.0
474.0
557.0
515.0
507.0
515.0
510.0
579.0
481.0
496.0
494.0
529.0
454.0
511.0
607.0
469.0
438.0
448.0
549.0
521.0
495.0
491.0
578.0
437.0
422.0
534.0
533.0
486.0
436.0
467.0
570.0
506.0
494.0
454.0
489.0
531.0
477.0
556.0
524.0
505.0
519.0
495.0
434.0
467.0
377.0
496.0
459.0
582.0
475.0
428.0
526.0
494.0
437.0
453.0
522.0
507.0
509.0
569.0
503.0
468.0
456.0
517.0
564.0
498.0
558.0
561.0
609.0
432.0
414.0
489.0
531.0
463.0
494.0
435.0
481.0
493.0
555.0
441.0
626.0
448.0
548.0
486.0
492.0
394.0
492.0
464.0
400.0
527.0
478.0
579.0
455.0
433.0
518.0
464.0
543.0
428.0
500.0
494.0
461.0
486.0
469.0
537.0
532.0
597.0
547.0
496.0
479.0
445.0
428.0
425.0
495.0
503.0
399.0
446.0
476.0
447.0
547.0
487.0
463.0
562.0
525.0
490.0
445.0
541.0
483.0
421.0
472.0
426.0
616.0
563.0
405.0
446.0
565.0
436.0
522.0
440.0
521.0
485.0
445.0
414.0
482.0
476.0
488.0
526.0
531.0
507.0
515.0
534.0
601.0
485.0
489.0
486.0
540.0
451.0
552.0
473.0
496.0
505.0
567.0
492.0
557.0
529.0
523.0
445.0
540.0
513.0
557.0
540.0
468.0
416.0
511.0
571.0
551.0
489.0
440.0
468.0
491.0
511.0
462.0
532.0
548.0
469.0
502.0
477.0
439.0
544.0
629.0
496.0
533.0
377.0
516.0
474.0
428.0
492.0
462.0
556.0
456.0
490.0
543.0
524.0
450.0
421.0
546.0
425.0
483.0
494.0
520.0
446.0
487.0
431.0
557.0
541.0
500.0
526.0
578.0
518.0
536.0
558.0
489.0
555.0
550.0
440.0
556.0
529.0
514.0
486.0
514.0
571.0
498.0
502.0
532.0
462.0
511.0
509.0
423.0
528.0
527.0
391.0
546.0
494.0
456.0
501.0
473.0
440.0
487.0
393.0
419.0
550.0
569.0
554.0
408.0
539.0
476.0
469.0
377.0
471.0
536.0
550.0
595.0
440.0
487.0
485.0
486.0
408.0
528.0
501.0
463.0
486.0
406.0
449.0
495.0
492.0
467.0
474.0
526.0
473.0
485.0
456.0
448.0
599.0
471.0
487.0
497.0
513.0
524.0
515.0
538.0
550.0
543.0
478.0
510.0
568.0
505.0
580.0
510.0
509.0
505.0
454.0
497.0
577.0
539.0
573.0
451.0
532.0
545.0
476.0
512.0
605.0
440.0
560.0
503.0
588.0
552.0
561.0
554.0
598.0
438.0
528.0
531.0
492.0
433.0
511.0
497.0
524.0
549.0
468.0
510.0
398.0
555.0
501.0
543.0
591.0
475.0
548.0
520.0
504.0
502.0
567.0
462.0
420.0
501.0
482.0
503.0
434.0
501.0
598.0
530.0
554.0
547.0
464.0
427.0
546.0
515.0
533.0
514.0
555.0
620.0
541.0
521.0
400.0
508.0
509.0
566.0
455.0
520.0
515.0
483.0
535.0
551.0
512.0
470.0
461.0
475.0
495.0
530.0
558.0
518.0
454.0
493.0
569.0
400.0
477.0
415.0
472.0
524.0
501.0
445.0
486.0
450.0
533.0
507.0
481.0
513.0
489.0
513.0
513.0
534.0
524.0
504.0
616.0
474.0
419.0
586.0
571.0
484.0
423.0
420.0
435.0
493.0
448.0
407.0
477.0
645.0
413.0
551.0
574.0
541.0
413.0
427.0
572.0
445.0
470.0
551.0
539.0
489.0
394.0
544.0
487.0
493.0
540.0
485.0
478.0
509.0
506.0
470.0
518.0
614.0
543.0
476.0
430.0
550.0
487.0
521.0
528.0
464.0
485.0
438.0
486.0
502.0
443.0
462.0
520.0
451.0
469.0
482.0
423.0
503.0
521.0
478.0
501.0
516.0
547.0
523.0
475.0
543.0
392.0
439.0
467.0
536.0
509.0
531.0
575.0
520.0
473.0
412.0
533.0
378.0
539.0
518.0
501.0
465.0
479.0
474.0
528.0
440.0
461.0
543.0
485.0
570.0
532.0
529.0
474.0
416.0
474.0
513.0
461.0
458.0
551.0
478.0
518.0
465.0
529.0
489.0
583.0
495.0
489.0
532.0
507.0
468.0
494.0
468.0
551.0
448.0
551.0
537.0
489.0
517.0
504.0
549.0
536.0
502.0
591.0
459.0
524.0
537.0
567.0
467.0
474.0
489.0
617.0
445.0
466.0
596.0
498.0
484.0
587.0
509.0
567.0
530.0
520.0
387.0
462.0
470.0
570.0
569.0
420.0
507.0
506.0
511.0
451.0
578.0
579.0
481.0
360.0
508.0
511.0
490.0
488.0
494.0
514.0
548.0
454.0
517.0
543.0
514.0
557.0
511.0
408.0
499.0
465.0
434.0
532.0
492.0
435.0
565.0
453.0
416.0
522.0
583.0
552.0
540.0
442.0
533.0
462.0
546.0
472.0
463.0
528.0
531.0
520.0
514.0
480.0
529.0
533.0
445.0
448.0
487.0
439.0
430.0
506.0
572.0
584.0
553.0
563.0
503.0
560.0
490.0
386.0
539.0
502.0
438.0
557.0
392.0
436.0
542.0
498.0
462.0
422.0
550.0
471.0
583.0
505.0
431.0
401.0
474.0
424.0
492.0
452.0
478.0
518.0
440.0
409.0
440.0
503.0
495.0
536.0
521.0
493.0
506.0
498.0
473.0
492.0
587.0
493.0
482.0
474.0
568.0
439.0
472.0
432.0
508.0
548.0
456.0
465.0
498.0
464.0
505.0
494.0
457.0
505.0
464.0
552.0
546.0
555.0
512.0
465.0
410.0
476.0
423.0
472.0
579.0
572.0
480.0
531.0
408.0
439.0
484.0
524.0
500.0
470.0
412.0
566.0
529.0
510.0
414.0
426.0
463.0
524.0
470.0
621.0
538.0
467.0
479.0
426.0
518.0
488.0
486.0
478.0
436.0
571.0
442.0
501.0
460.0
471.0
414.0
579.0
519.0
512.0
527.0
493.0
470.0
381.0
517.0
441.0
517.0
560.0
478.0
492.0
549.0
427.0
473.0
483.0
520.0
507.0
550.0
511.0
487.0
543.0
553.0
442.0
507.0
555.0
587.0
490.0
429.0
553.0
541.0
605.0
527.0
554.0
515.0
398.0
492.0
407.0
506.0
479.0
490.0
535.0
437.0
587.0
534.0
481.0
415.0
499.0
512.0
548.0
437.0
565.0
508.0
535.0
480.0
554.0
564.0
459.0
511.0
519.0
436.0
496.0
519.0
467.0
480.0
552.0
401.0
538.0
420.0
458.0
464.0
470.0
571.0
528.0
509.0
528.0
482.0
481.0
541.0
433.0
544.0
501.0
548.0
505.0
504.0
464.0
430.0
513.0
508.0
635.0
534.0
487.0
537.0
562.0
491.0
553.0
418.0
566.0
417.0
587.0
492.0
404.0
486.0
514.0
454.0
561.0
517.0
456.0
557.0
449.0
522.0
453.0
525.0
507.0
392.0
584.0
483.0
453.0
454.0
448.0
565.0
495.0
433.0
473.0
521.0
438.0
467.0
495.0
500.0
489.0
553.0
462.0
515.0
520.0
452.0
480.0
533.0
463.0
637.0
540.0
484.0
423.0
461.0
544.0
492.0
521.0
447.0
479.0
448.0
500.0
451.0
462.0
432.0
457.0
617.0
482.0
536.0
398.0
529.0
609.0
473.0
491.0
471.0
449.0
480.0
559.0
480.0
556.0
431.0
521.0
570.0
485.0
537.0
443.0
407.0
454.0
545.0
473.0
505.0
492.0
488.0
574.0
476.0
443.0
608.0
452.0
525.0
523.0
527.0
578.0
553.0
444.0
567.0
393.0
432.0
622.0
554.0
516.0
593.0
510.0
480.0
427.0
467.0
554.0
464.0
445.0
517.0
319.0
470.0
515.0
489.0
437.0
426.0
487.0
548.0
571.0
411.0
462.0
514.0
509.0
524.0
413.0
466.0
453.0
468.0
392.0
573.0
445.0
511.0
490.0
558.0
498.0
506.0
491.0
515.0
560.0
488.0
442.0
516.0
541.0
536.0
518.0
613.0
534.0
480.0
432.0
501.0
502.0
448.0
380.0
455.0
491.0
487.0
596.0
509.0
469.0
514.0
431.0
474.0
420.0
456.0
424.0
475.0
590.0
579.0
519.0
429.0
494.0
401.0
517.0
532.0
453.0
566.0
443.0
516.0
545.0
460.0
440.0
540.0
511.0
516.0
436.0
583.0
434.0
509.0
452.0
406.0
516.0
477.0
487.0
561.0
556.0
489.0
535.0
502.0
495.0
503.0
461.0
509.0
420.0
534.0
474.0
476.0
531.0
521.0
466.0
590.0
499.0
559.0
544.0
416.0
450.0
430.0
489.0
433.0
600.0
487.0
531.0
435.0
494.0
552.0
464.0
471.0
603.0
455.0
561.0
512.0
440.0
628.0
483.0
456.0
487.0
534.0
406.0
514.0
472.0
430.0
433.0
495.0
522.0
438.0
510.0
423.0
450.0
555.0
501.0
432.0
398.0
486.0
520.0
506.0
517.0
479.0
463.0
582.0
478.0
503.0
409.0
618.0
424.0
571.0
448.0
503.0
540.0
600.0
499.0
426.0
448.0
487.0
621.0
521.0
491.0
503.0
472.0
632.0
474.0
460.0
532.0
526.0
411.0
578.0
572.0
483.0
512.0
472.0
376.0
445.0
498.0
466.0
538.0
490.0
513.0
485.0
506.0
511.0
449.0
480.0
506.0
404.0
518.0
600.0
526.0
553.0
524.0
480.0
521.0
516.0
403.0
439.0
504.0
497.0
487.0
520.0
547.0
552.0
515.0
485.0
498.0
475.0
520.0
480.0
500.0
542.0
511.0
481.0
566.0
558.0
460.0
619.0
556.0
415.0
483.0
447.0
470.0
531.0
499.0
528.0
561.0
494.0
465.0
459.0
529.0
578.0
443.0
468.0
432.0
509.0
493.0
566.0
522.0
507.0
521.0
451.0
426.0
470.0
450.0
473.0
499.0
558.0
484.0
511.0
443.0
561.0
394.0
489.0
594.0
551.0
455.0
565.0
512.0
512.0
488.0
547.0
447.0
466.0
531.0
461.0
438.0
506.0
478.0
519.0
477.0
543.0
563.0
481.0
563.0
450.0
555.0
613.0
431.0
516.0
552.0
526.0
536.0
604.0
453.0
526.0
495.0
440.0
441.0
511.0
444.0
585.0
503.0
479.0
454.0
439.0
551.0
534.0
509.0
475.0
510.0
499.0
498.0
493.0
561.0
560.0
539.0
510.0
370.0
427.0
499.0
445.0
442.0
556.0
550.0
566.0
538.0
553.0
505.0
491.0
523.0
517.0
518.0
491.0
520.0
536.0
484.0
453.0
531.0
499.0
498.0
492.0
501.0
484.0
507.0
425.0
545.0
454.0
480.0
465.0
483.0
491.0
481.0
467.0
492.0
487.0
527.0
491.0
525.0
500.0
548.0
560.0
397.0
567.0
384.0
564.0
612.0
444.0
389.0
439.0
511.0
473.0
558.0
429.0
475.0
507.0
506.0
448.0
453.0
523.0
522.0
412.0
467.0
410.0
513.0
591.0
541.0
495.0
418.0
320.0
455.0
524.0
517.0
561.0
573.0
447.0
464.0
452.0
426.0
501.0
547.0
544.0
474.0
499.0
550.0
521.0
467.0
527.0
571.0
523.0
607.0
403.0
504.0
510.0
474.0
544.0
436.0
480.0
541.0
412.0
462.0
514.0
491.0
529.0
533.0
552.0
507.0
544.0
580.0
515.0
516.0
482.0
563.0
550.0
527.0
595.0
543.0
506.0
538.0
425.0
445.0
490.0
510.0
479.0
495.0
388.0
515.0
533.0
522.0
457.0
605.0
555.0
538.0
548.0
529.0
467.0
528.0
470.0
595.0
529.0
488.0
387.0
409.0
446.0
486.0
517.0
441.0
488.0
545.0
550.0
531.0
489.0
460.0
536.0
497.0
470.0
480.0
516.0
543.0
440.0
522.0
479.0
497.0
481.0
462.0
489.0
599.0
486.0
499.0
574.0
442.0
435.0
397.0
468.0
445.0
480.0
497.0
437.0
509.0
474.0
506.0
495.0
528.0
419.0
546.0
559.0
503.0
482.0
467.0
418.0
515.0
468.0
485.0
510.0
408.0
508.0
449.0
473.0
544.0
542.0
485.0
440.0
464.0
457.0
580.0
455.0
620.0
540.0
520.0
468.0
405.0
585.0
521.0
509.0
468.0
507.0
479.0
608.0
450.0
472.0
425.0
493.0
523.0
593.0
422.0
469.0
523.0
539.0
542.0
433.0
464.0
467.0
480.0
541.0
495.0
481.0
509.0
447.0
534.0
500.0
416.0
440.0
453.0
498.0
552.0
496.0
385.0
509.0
481.0
506.0
490.0
539.0
521.0
537.0
426.0
580.0
602.0
473.0
548.0
554.0
593.0
591.0
441.0
553.0
413.0
449.0
468.0
509.0
522.0
567.0
655.0
501.0
493.0
471.0
600.0
522.0
481.0
468.0
477.0
525.0
648.0
533.0
601.0
419.0
466.0
447.0
525.0
511.0
530.0
512.0
465.0
439.0
549.0
435.0
549.0
539.0
493.0
557.0
541.0
534.0
464.0
576.0
439.0
550.0
384.0
403.0
508.0
412.0
424.0
473.0
462.0
591.0
475.0
542.0
507.0
339.0
368.0
405.0
457.0
454.0
547.0
513.0
423.0
560.0
493.0
521.0
452.0
504.0
465.0
478.0
441.0
527.0
533.0
469.0
475.0
494.0
589.0
582.0
505.0
472.0
506.0
456.0
617.0
458.0
500.0
529.0
532.0
494.0
524.0
502.0
479.0
486.0
413.0
449.0
461.0
555.0
433.0
611.0
453.0
443.0
489.0
508.0
420.0
489.0
491.0
497.0
558.0
538.0
510.0
482.0
602.0
551.0
464.0
508.0
500.0
566.0
466.0
532.0
409.0
509.0
537.0
475.0
573.0
460.0
572.0
504.0
471.0
518.0
417.0
408.0
515.0
607.0
559.0
468.0
470.0
547.0
533.0
569.0
448.0
524.0
553.0
606.0
521.0
449.0
544.0
554.0
441.0
541.0
500.0
464.0
479.0
590.0
505.0
540.0
545.0
412.0
491.0
518.0
449.0
594.0
453.0
647.0
559.0
544.0
462.0
510.0
478.0
452.0
550.0
498.0
383.0
567.0
450.0
535.0
438.0
472.0
471.0
599.0
595.0
550.0
499.0
563.0
501.0
470.0
573.0
518.0
508.0
551.0
545.0
543.0
485.0
466.0
580.0
498.0
517.0
461.0
396.0
560.0
468.0
473.0
552.0
586.0
510.0
558.0
546.0
498.0
465.0
530.0
422.0
461.0
514.0
467.0
469.0
423.0
408.0
446.0
461.0
560.0
468.0
491.0
548.0
545.0
479.0
480.0
535.0
557.0
576.0
395.0
503.0
599.0
423.0
437.0
421.0
477.0
510.0
555.0
482.0
612.0
613.0
644.0
511.0
525.0
468.0
499.0
537.0
526.0
447.0
490.0
535.0
469.0
515.0
463.0
422.0
423.0
472.0
519.0
473.0
414.0
432.0
499.0
465.0
373.0
480.0
553.0
540.0
522.0
522.0
512.0
537.0
453.0
440.0
511.0
407.0
503.0
490.0
510.0
467.0
458.0
559.0
447.0
514.0
519.0
489.0
548.0
505.0
519.0
511.0
486.0
557.0
439.0
476.0
501.0
463.0
553.0
467.0
439.0
563.0
569.0
461.0
469.0
524.0
461.0
525.0
479.0
441.0
552.0
490.0
509.0
508.0
500.0
402.0
479.0
524.0
491.0
457.0
410.0
475.0
633.0
492.0
453.0
575.0
444.0
442.0
516.0
464.0
506.0
393.0
511.0
548.0
392.0
562.0
585.0
526.0
520.0
583.0
503.0
502.0
390.0
499.0
518.0
503.0
514.0
502.0
570.0
496.0
508.0
530.0
513.0
470.0
482.0
439.0
512.0
570.0
543.0
456.0
348.0
438.0
489.0
511.0
405.0
434.0
557.0
509.0
503.0
355.0
397.0
518.0
536.0
597.0
607.0
383.0
434.0
472.0
521.0
545.0
471.0
463.0
502.0
588.0
458.0
460.0
391.0
482.0
504.0
569.0
468.0
468.0
413.0
546.0
470.0
551.0
477.0
511.0
484.0
513.0
555.0
478.0
512.0
523.0
445.0
438.0
513.0
431.0
512.0
565.0
431.0
493.0
604.0
518.0
593.0
444.0
517.0
490.0
567.0
524.0
539.0
539.0
536.0
418.0
487.0
554.0
626.0
546.0
392.0
488.0
537.0
534.0
517.0
456.0
493.0
506.0
572.0
553.0
487.0
456.0
529.0
459.0
564.0
493.0
547.0
454.0
482.0
628.0
471.0
567.0
551.0
512.0
467.0
506.0
377.0
516.0
486.0
537.0
552.0
534.0
477.0
508.0
528.0
540.0
472.0
433.0
480.0
416.0
486.0
527.0
510.0
549.0
554.0
431.0
509.0
463.0
554.0
401.0
542.0
427.0
491.0
595.0
534.0
489.0
539.0
509.0
508.0
480.0
527.0
546.0
499.0
415.0
465.0
501.0
493.0
479.0
527.0
381.0
543.0
523.0
593.0
489.0
493.0
513.0
525.0
476.0
464.0
481.0
368.0
456.0
459.0
489.0
489.0
439.0
509.0
433.0
481.0
578.0
458.0
480.0
507.0
504.0
589.0
538.0
482.0
546.0
490.0
522.0
513.0
590.0
546.0
546.0
443.0
524.0
553.0
409.0
382.0
457.0
516.0
474.0
500.0
481.0
465.0
488.0
487.0
460.0
476.0
448.0
417.0
388.0
518.0
516.0
512.0
509.0
540.0
485.0
487.0
409.0
496.0
463.0
473.0
528.0
444.0
534.0
473.0
441.0
515.0
498.0
487.0
430.0
481.0
506.0
496.0
460.0
448.0
512.0
494.0
531.0
517.0
514.0
575.0
567.0
430.0
470.0
437.0
482.0
550.0
535.0
469.0
579.0
435.0
593.0
457.0
455.0
484.0
469.0
556.0
526.0
487.0
487.0
477.0
550.0
570.0
565.0
377.0
504.0
492.0
485.0
592.0
556.0
521.0
450.0
511.0
499.0
476.0
561.0
534.0
492.0
562.0
527.0
525.0
560.0
457.0
466.0
431.0
484.0
467.0
433.0
494.0
485.0
578.0
572.0
466.0
458.0
633.0
535.0
538.0
559.0
343.0
537.0
433.0
391.0
484.0
456.0
528.0
433.0
504.0
519.0
505.0
451.0
559.0
518.0
422.0
542.0
522.0
524.0
447.0
441.0
545.0
473.0
453.0
437.0
431.0
561.0
532.0
492.0
542.0
526.0
528.0
528.0
506.0
470.0
478.0
491.0
484.0
459.0
505.0
499.0
489.0
512.0
590.0
540.0
495.0
467.0
429.0
560.0
542.0
478.0
505.0
562.0
440.0
534.0
482.0
524.0
456.0
468.0
459.0
488.0
570.0
574.0
585.0
472.0
504.0
519.0
472.0
465.0
458.0
628.0
512.0
500.0
541.0
564.0
498.0
516.0
505.0
574.0
583.0
463.0
534.0
522.0
567.0
463.0
422.0
589.0
517.0
442.0
562.0
436.0
468.0
475.0
490.0
474.0
472.0
411.0
601.0
470.0
428.0
554.0
485.0
568.0
554.0
521.0
544.0
554.0
499.0
532.0
476.0
534.0
520.0
486.0
428.0
537.0
413.0
543.0
530.0
419.0
448.0
506.0
522.0
507.0
445.0
440.0
528.0
544.0
569.0
472.0
562.0
456.0
503.0
435.0
446.0
511.0
524.0
488.0
570.0
541.0
479.0
445.0
553.0
514.0
509.0
354.0
552.0
414.0
530.0
524.0
411.0
536.0
509.0
631.0
408.0
453.0
552.0
456.0
457.0
332.0
492.0
446.0
555.0
545.0
534.0
552.0
576.0
440.0
552.0
534.0
398.0
357.0
462.0
507.0
410.0
456.0
536.0
483.0
555.0
526.0
544.0
454.0
556.0
533.0
476.0
594.0
486.0
451.0
438.0
534.0
526.0
509.0
557.0
533.0
473.0
478.0
493.0
653.0
431.0
509.0
460.0
452.0
458.0
552.0
595.0
450.0
477.0
439.0
479.0
505.0
517.0
471.0
531.0
483.0
444.0
512.0
484.0
426.0
461.0
431.0
437.0
520.0
568.0
578.0
458.0
505.0
427.0
579.0
491.0
513.0
500.0
453.0
510.0
551.0
435.0
561.0
457.0
542.0
540.0
641.0
464.0
413.0
531.0
536.0
522.0
513.0
510.0
485.0
490.0
479.0
467.0
541.0
484.0
457.0
522.0
457.0
517.0
380.0
391.0
523.0
606.0
438.0
499.0
482.0
497.0
499.0
456.0
555.0
467.0
538.0
499.0
519.0
476.0
466.0
468.0
524.0
483.0
439.0
509.0
554.0
473.0
548.0
470.0
552.0
524.0
432.0
499.0
472.0
617.0
487.0
479.0
510.0
542.0
454.0
481.0
519.0
444.0
508.0
495.0
559.0
523.0
459.0
606.0
554.0
573.0
525.0
531.0
460.0
494.0
473.0
544.0
473.0
482.0
448.0
566.0
497.0
479.0
478.0
423.0
500.0
583.0
403.0
538.0
430.0
541.0
418.0
481.0
491.0
496.0
457.0
513.0
519.0
530.0
511.0
500.0
491.0
447.0
507.0
488.0
523.0
501.0
428.0
381.0
489.0
515.0
593.0
390.0
478.0
409.0
569.0
489.0
467.0
454.0
563.0
415.0
412.0
481.0
466.0
435.0
521.0
535.0
518.0
478.0
553.0
550.0
463.0
506.0
508.0
541.0
416.0
568.0
507.0
463.0
494.0
445.0
533.0
533.0
548.0
389.0
504.0
403.0
465.0
433.0
521.0
566.0
514.0
467.0
534.0
521.0
573.0
490.0
418.0
435.0
520.0
473.0
530.0
474.0
473.0
504.0
591.0
459.0
517.0
485.0
537.0
484.0
455.0
449.0
536.0
496.0
475.0
478.0
488.0
447.0
608.0
568.0
610.0
469.0
598.0
403.0
464.0
518.0
530.0
485.0
608.0
490.0
558.0
482.0
503.0
586.0
535.0
498.0
422.0
495.0
396.0
488.0
531.0
570.0
517.0
528.0
487.0
494.0
456.0
536.0
416.0
437.0
549.0
384.0
367.0
432.0
469.0
480.0
514.0
506.0
400.0
492.0
499.0
597.0
428.0
565.0
447.0
459.0
616.0
446.0
524.0
460.0
623.0
548.0
504.0
507.0
493.0
483.0
477.0
447.0
464.0
365.0
474.0
568.0
455.0
486.0
517.0
399.0
536.0
445.0
479.0
408.0
485.0
410.0
521.0
420.0
470.0
486.0
474.0
579.0
543.0
482.0
441.0
459.0
443.0
519.0
529.0
556.0
504.0
471.0
511.0
492.0
433.0
475.0
417.0
558.0
471.0
482.0
480.0
431.0
508.0
441.0
462.0
500.0
470.0
553.0
470.0
514.0
589.0
489.0
500.0
497.0
525.0
551.0
490.0
424.0
560.0
514.0
468.0
420.0
545.0
521.0
590.0
450.0
566.0
439.0
448.0
458.0
593.0
476.0
488.0
560.0
580.0
506.0
577.0
500.0
507.0
550.0
566.0
513.0
510.0
495.0
477.0
492.0
401.0
562.0
562.0
431.0
537.0
461.0
484.0
475.0
519.0
465.0
555.0
577.0
494.0
485.0
489.0
507.0
520.0
463.0
347.0
474.0
414.0
479.0
424.0
536.0
442.0
508.0
527.0
522.0
471.0
568.0
522.0
509.0
452.0
504.0
537.0
528.0
518.0
504.0
561.0
551.0
477.0
526.0
373.0
452.0
518.0
532.0
510.0
530.0
385.0
521.0
528.0
526.0
531.0
549.0
461.0
465.0
456.0
559.0
570.0
489.0
502.0
464.0
478.0
544.0
515.0
615.0
500.0
544.0
452.0
418.0
583.0
613.0
390.0
375.0
425.0
451.0
535.0
507.0
560.0
571.0
514.0
475.0
494.0
536.0
516.0
492.0
384.0
587.0
493.0
498.0
533.0
403.0
537.0
427.0
554.0
550.0
558.0
519.0
517.0
551.0
346.0
568.0
463.0
445.0
471.0
555.0
597.0
439.0
528.0
517.0
473.0
508.0
532.0
481.0
535.0
457.0
558.0
587.0
586.0
438.0
438.0
545.0
429.0
586.0
497.0
522.0
496.0
459.0
515.0
466.0
536.0
424.0
449.0
476.0
574.0
519.0
530.0
449.0
511.0
497.0
484.0
561.0
488.0
492.0
448.0
536.0
500.0
520.0
497.0
537.0
464.0
422.0
505.0
570.0
400.0
585.0
459.0
485.0
424.0
478.0
482.0
446.0
455.0
517.0
523.0
532.0
472.0
696.0
521.0
474.0
491.0
469.0
465.0
527.0
470.0
458.0
466.0
361.0
537.0
440.0
490.0
520.0
488.0
524.0
548.0
503.0
527.0
472.0
521.0
467.0
513.0
530.0
480.0
374.0
426.0
460.0
476.0
468.0
500.0
508.0
447.0
514.0
514.0
549.0
490.0
436.0
467.0
581.0
494.0
467.0
486.0
505.0
516.0
610.0
560.0
480.0
590.0
544.0
507.0
426.0
511.0
434.0
486.0
490.0
543.0
514.0
574.0
513.0
515.0
502.0
461.0
498.0
418.0
394.0
433.0
537.0
447.0
479.0
432.0
490.0
528.0
413.0
438.0
498.0
500.0
409.0
463.0
482.0
520.0
510.0
569.0
468.0
529.0
514.0
508.0
443.0
429.0
448.0
450.0
509.0
549.0
503.0
513.0
433.0
505.0
576.0
499.0
505.0
519.0
556.0
511.0
511.0
460.0
427.0
397.0
447.0
491.0
458.0
528.0
487.0
545.0
554.0
488.0
454.0
493.0
470.0
537.0
523.0
428.0
457.0
515.0
487.0
450.0
426.0
435.0
460.0
461.0
603.0
600.0
512.0
532.0
417.0
434.0
554.0
606.0
472.0
428.0
568.0
439.0
497.0
474.0
427.0
405.0
482.0
532.0
532.0
445.0
578.0
495.0
406.0
408.0
535.0
472.0
528.0
585.0
506.0
597.0
441.0
437.0
524.0
467.0
504.0
496.0
495.0
595.0
456.0
579.0
534.0
529.0
541.0
475.0
516.0
495.0
514.0
414.0
490.0
580.0
445.0
512.0
466.0
447.0
489.0
422.0
566.0
499.0
504.0
480.0
497.0
535.0
539.0
514.0
504.0
449.0
521.0
490.0
571.0
573.0
470.0
480.0
515.0
509.0
473.0
459.0
457.0
495.0
511.0
538.0
450.0
450.0
512.0
338.0
464.0
583.0
566.0
511.0
540.0
539.0
578.0
542.0
439.0
400.0
540.0
510.0
619.0
490.0
451.0
490.0
529.0
445.0
559.0
398.0
460.0
527.0
491.0
473.0
400.0
510.0
474.0
509.0
511.0
459.0
387.0
506.0
556.0
519.0
449.0
486.0
484.0
528.0
615.0
540.0
511.0
472.0
520.0
523.0
573.0
373.0
465.0
551.0
565.0
519.0
571.0
513.0
533.0
529.0
464.0
577.0
544.0
550.0
537.0
409.0
437.0
497.0
417.0
420.0
554.0
418.0
490.0
610.0
505.0
496.0
382.0
575.0
490.0
480.0
498.0
514.0
510.0
497.0
520.0
494.0
486.0
533.0
451.0
482.0
387.0
528.0
459.0
486.0
519.0
522.0
626.0
509.0
544.0
485.0
442.0
542.0
604.0
477.0
610.0
522.0
416.0
426.0
503.0
471.0
487.0
473.0
509.0
523.0
447.0
463.0
489.0
445.0
485.0
422.0
549.0
576.0
530.0
438.0
498.0
565.0
483.0
487.0
447.0
535.0
564.0
470.0
418.0
502.0
499.0
495.0
492.0
534.0
483.0
501.0
441.0
554.0
465.0
485.0
507.0
520.0
468.0
578.0
565.0
394.0
524.0
556.0
509.0
515.0
471.0
446.0
464.0
467.0
484.0
490.0
528.0
515.0
509.0
501.0
492.0
410.0
562.0
505.0
424.0
356.0
429.0
473.0
520.0
431.0
490.0
464.0
558.0
555.0
447.0
482.0
515.0
559.0
404.0
545.0
451.0
504.0
518.0
460.0
513.0
498.0
459.0
528.0
497.0
476.0
511.0
467.0
418.0
401.0
533.0
475.0
546.0
507.0
455.0
531.0
443.0
523.0
460.0
464.0
540.0
412.0
475.0
526.0
533.0
467.0
551.0
462.0
561.0
507.0
477.0
479.0
480.0
514.0
533.0
531.0
445.0
531.0
518.0
514.0
552.0
525.0
449.0
577.0
415.0
502.0
436.0
431.0
444.0
480.0
494.0
414.0
427.0
421.0
472.0
510.0
401.0
462.0
485.0
475.0
501.0
543.0
563.0
520.0
598.0
533.0
497.0
437.0
530.0
582.0
382.0
510.0
490.0
437.0
554.0
483.0
543.0
529.0
525.0
519.0
532.0
536.0
429.0
491.0
521.0
455.0
463.0
470.0
570.0
518.0
511.0
452.0
480.0
448.0
489.0
467.0
479.0
505.0
467.0
528.0
511.0
527.0
465.0
496.0
541.0
458.0
481.0
542.0
516.0
497.0
515.0
500.0
480.0
512.0
477.0
421.0
523.0
546.0
459.0
474.0
575.0
447.0
516.0
540.0
427.0
639.0
559.0
470.0
531.0
505.0
431.0
505.0
455.0
512.0
546.0
473.0
551.0
322.0
527.0
436.0
520.0
537.0
478.0
531.0
547.0
448.0
507.0
447.0
437.0
532.0
582.0
615.0
504.0
586.0
580.0
539.0
497.0
543.0
453.0
486.0
404.0
441.0
508.0
379.0
482.0
468.0
509.0
456.0
516.0
555.0
433.0
587.0
533.0
514.0
530.0
601.0
483.0
499.0
478.0
442.0
484.0
519.0
565.0
669.0
564.0
612.0
520.0
523.0
535.0
451.0
652.0
471.0
491.0
568.0
531.0
467.0
492.0
489.0
618.0
574.0
532.0
393.0
583.0
474.0
536.0
445.0
481.0
447.0
569.0
478.0
518.0
497.0
524.0
567.0
527.0
459.0
466.0
489.0
515.0
498.0
487.0
540.0
481.0
537.0
475.0
561.0
593.0
564.0
597.0
421.0
513.0
571.0
449.0
518.0
439.0
575.0
540.0
490.0
538.0
504.0
506.0
522.0
502.0
472.0
547.0
577.0
433.0
488.0
418.0
575.0
520.0
461.0
591.0
482.0
474.0
475.0
459.0
466.0
644.0
525.0
502.0
600.0
496.0
539.0
462.0
469.0
416.0
415.0
438.0
474.0
515.0
450.0
527.0
483.0
407.0
483.0
516.0
408.0
512.0
566.0
506.0
578.0
609.0
474.0
441.0
524.0
503.0
430.0
469.0
585.0
448.0
627.0
460.0
509.0
487.0
487.0
468.0
514.0
532.0
515.0
437.0
481.0
486.0
501.0
504.0
486.0
559.0
504.0
593.0
500.0
601.0
552.0
479.0
528.0
483.0
560.0
458.0
561.0
447.0
508.0
494.0
467.0
577.0
533.0
455.0
442.0
546.0
443.0
474.0
429.0
595.0
529.0
549.0
536.0
478.0
537.0
521.0
593.0
419.0
562.0
536.0
548.0
550.0
484.0
461.0
406.0
491.0
501.0
589.0
444.0
527.0
552.0
498.0
507.0
517.0
452.0
448.0
578.0
575.0
504.0
452.0
414.0
468.0
523.0
518.0
534.0
474.0
574.0
619.0
484.0
538.0
574.0
491.0
505.0
495.0
458.0
560.0
486.0
439.0
530.0
465.0
544.0
481.0
419.0
459.0
541.0
534.0
426.0
496.0
550.0
454.0
579.0
395.0
460.0
566.0
595.0
480.0
497.0
552.0
513.0
545.0
465.0
504.0
421.0
470.0
532.0
387.0
474.0
599.0
541.0
538.0
448.0
487.0
512.0
603.0
454.0
629.0
474.0
447.0
613.0
543.0
485.0
479.0
587.0
436.0
522.0
547.0
493.0
534.0
574.0
422.0
530.0
529.0
476.0
392.0
574.0
441.0
490.0
511.0
543.0
514.0
473.0
466.0
512.0
427.0
402.0
419.0
478.0
607.0
436.0
524.0
471.0
480.0
486.0
493.0
472.0
525.0
500.0
485.0
499.0
404.0
486.0
535.0
434.0
510.0
459.0
484.0
559.0
617.0
490.0
493.0
470.0
518.0
495.0
467.0
546.0
463.0
495.0
425.0
417.0
571.0
565.0
511.0
479.0
499.0
492.0
520.0
547.0
486.0
531.0
543.0
554.0
519.0
513.0
538.0
511.0
511.0
494.0
462.0
361.0
534.0
480.0
485.0
497.0
540.0
540.0
489.0
585.0
476.0
552.0
496.0
414.0
580.0
520.0
526.0
458.0
460.0
481.0
495.0
512.0
522.0
497.0
460.0
547.0
520.0
509.0
493.0
528.0
486.0
472.0
418.0
447.0
495.0
493.0
516.0
518.0
559.0
405.0
537.0
449.0
515.0
447.0
494.0
457.0
409.0
551.0
571.0
510.0
514.0
492.0
569.0
476.0
544.0
526.0
496.0
644.0
502.0
503.0
463.0
506.0
579.0
534.0
462.0
524.0
517.0
466.0
429.0
467.0
494.0
433.0
536.0
387.0
453.0
474.0
444.0
486.0
536.0
520.0
477.0
402.0
551.0
521.0
477.0
559.0
528.0
437.0
504.0
480.0
444.0
439.0
428.0
515.0
496.0
481.0
451.0
448.0
404.0
438.0
437.0
520.0
498.0
477.0
623.0
490.0
420.0
585.0
452.0
589.0
491.0
452.0
551.0
464.0
531.0
467.0
423.0
601.0
458.0
620.0
507.0
471.0
436.0
548.0
539.0
566.0
547.0
552.0
500.0
502.0
532.0
500.0
531.0
535.0
416.0
540.0
569.0
455.0
470.0
399.0
462.0
531.0
485.0
493.0
496.0
480.0
490.0
492.0
443.0
459.0
455.0
519.0
530.0
540.0
425.0
427.0
408.0
498.0
484.0
490.0
490.0
377.0
508.0
504.0
469.0
492.0
453.0
509.0
573.0
539.0
632.0
436.0
560.0
462.0
506.0
430.0
544.0
513.0
487.0
507.0
481.0
587.0
423.0
530.0
519.0
496.0
507.0
479.0
468.0
458.0
513.0
520.0
538.0
467.0
535.0
466.0
489.0
544.0
518.0
437.0
383.0
478.0
514.0
495.0
495.0
495.0
485.0
434.0
394.0
552.0
432.0
397.0
343.0
490.0
567.0
481.0
556.0
610.0
430.0
534.0
587.0
458.0
445.0
527.0
550.0
451.0
461.0
478.0
398.0
462.0
467.0
462.0
455.0
591.0
437.0
483.0
439.0
474.0
455.0
485.0
517.0
536.0
501.0
563.0
484.0
555.0
555.0
419.0
448.0
392.0
448.0
524.0
514.0
539.0
472.0
423.0
452.0
504.0
543.0
437.0
482.0
536.0
541.0
529.0
499.0
507.0
429.0
468.0
497.0
525.0
544.0
457.0
484.0
400.0
494.0
448.0
526.0
472.0
520.0
491.0
483.0
517.0
505.0
503.0
476.0
507.0
480.0
567.0
584.0
442.0
504.0
463.0
424.0
531.0
451.0
472.0
576.0
535.0
447.0
423.0
444.0
512.0
575.0
516.0
498.0
598.0
471.0
511.0
518.0
563.0
442.0
540.0
453.0
491.0
554.0
428.0
596.0
549.0
502.0
496.0
444.0
540.0
524.0
505.0
549.0
531.0
444.0
530.0
542.0
463.0
576.0
522.0
598.0
366.0
445.0
523.0
443.0
602.0
543.0
468.0
507.0
473.0
545.0
516.0
455.0
439.0
401.0
506.0
492.0
535.0
497.0
494.0
546.0
472.0
528.0
580.0
511.0
537.0
541.0
514.0
379.0
465.0
487.0
478.0
494.0
436.0
445.0
497.0
509.0
441.0
514.0
543.0
570.0
610.0
447.0
581.0
484.0
483.0
483.0
466.0
487.0
483.0
551.0
541.0
433.0
465.0
454.0
487.0
567.0
502.0
431.0
472.0
451.0
524.0
437.0
479.0
506.0
521.0
524.0
539.0
384.0
516.0
422.0
559.0
496.0
520.0
541.0
504.0
465.0
547.0
475.0
524.0
474.0
474.0
493.0
513.0
519.0
517.0
511.0
413.0
460.0
502.0
555.0
456.0
491.0
522.0
507.0
533.0
449.0
566.0
487.0
465.0
553.0
461.0
523.0
521.0
457.0
541.0
485.0
436.0
451.0
493.0
465.0
440.0
498.0
514.0
504.0
534.0
462.0
512.0
564.0
473.0
587.0
473.0
537.0
481.0
535.0
517.0
563.0
470.0
526.0
445.0
441.0
475.0
563.0
483.0
572.0
566.0
506.0
586.0
524.0
582.0
500.0
594.0
480.0
548.0
502.0
472.0
535.0
520.0
503.0
485.0
475.0
443.0
519.0
590.0
519.0
371.0
505.0
471.0
476.0
506.0
512.0
517.0
501.0
507.0
494.0
588.0
552.0
615.0
500.0
436.0
507.0
518.0
514.0
570.0
436.0
494.0
563.0
540.0
475.0
491.0
436.0
538.0
470.0
506.0
472.0
459.0
548.0
463.0
523.0
627.0
533.0
370.0
557.0
504.0
475.0
559.0
462.0
417.0
504.0
472.0
445.0
516.0
453.0
489.0
582.0
566.0
487.0
473.0
382.0
470.0
578.0
529.0
536.0
599.0
588.0
439.0
509.0
507.0
576.0
439.0
442.0
558.0
377.0
573.0
486.0
456.0
503.0
565.0
506.0
369.0
513.0
611.0
491.0
506.0
405.0
563.0
488.0
400.0
490.0
494.0
490.0
493.0
512.0
429.0
499.0
428.0
415.0
474.0
523.0
589.0
461.0
529.0
509.0
497.0
422.0
388.0
501.0
443.0
503.0
484.0
578.0
566.0
579.0
477.0
425.0
456.0
487.0
592.0
541.0
486.0
526.0
458.0
515.0
603.0
523.0
516.0
440.0
607.0
493.0
506.0
490.0
323.0
511.0
445.0
569.0
519.0
525.0
568.0
471.0
438.0
475.0
459.0
492.0
503.0
489.0
520.0
451.0
541.0
493.0
436.0
565.0
564.0
612.0
516.0
438.0
513.0
491.0
467.0
543.0
509.0
528.0
541.0
466.0
544.0
483.0
477.0
496.0
487.0
423.0
533.0
441.0
464.0
533.0
493.0
507.0
558.0
542.0
463.0
485.0
519.0
488.0
439.0
564.0
560.0
456.0
584.0
453.0
554.0
451.0
492.0
479.0
430.0
552.0
512.0
501.0
514.0
515.0
499.0
521.0
564.0
435.0
499.0
555.0
405.0
486.0
464.0
499.0
407.0
624.0
490.0
548.0
541.0
578.0
435.0
488.0
553.0
597.0
444.0
532.0
549.0
511.0
570.0
459.0
590.0
540.0
556.0
503.0
471.0
456.0
456.0
500.0
531.0
472.0
392.0
492.0
468.0
515.0
450.0
511.0
489.0
480.0
519.0
460.0
457.0
487.0
456.0
537.0
414.0
427.0
484.0
480.0
484.0
609.0
417.0
384.0
459.0
490.0
456.0
461.0
502.0
480.0
498.0
472.0
476.0
528.0
479.0
571.0
444.0
538.0
583.0
424.0
497.0
503.0
496.0
543.0
460.0
616.0
489.0
470.0
431.0
513.0
473.0
358.0
482.0
535.0
460.0
451.0
501.0
443.0
523.0
403.0
435.0
408.0
568.0
552.0
538.0
483.0
551.0
489.0
496.0
436.0
460.0
536.0
536.0
368.0
528.0
508.0
437.0
591.0
460.0
387.0
502.0
626.0
476.0
402.0
533.0
526.0
514.0
499.0
578.0
492.0
498.0
496.0
434.0
615.0
444.0
562.0
397.0
399.0
499.0
493.0
477.0
486.0
538.0
550.0
479.0
410.0
473.0
523.0
480.0
520.0
512.0
541.0
495.0
449.0
539.0
444.0
471.0
513.0
597.0
517.0
556.0
458.0
578.0
452.0
513.0
507.0
441.0
547.0
449.0
522.0
599.0
462.0
527.0
493.0
497.0
526.0
495.0
424.0
560.0
505.0
483.0
549.0
545.0
529.0
460.0
548.0
449.0
466.0
580.0
520.0
474.0
504.0
479.0
553.0
537.0
564.0
408.0
517.0
530.0
497.0
527.0
531.0
457.0
484.0
461.0
516.0
502.0
550.0
530.0
478.0
431.0
513.0
456.0
517.0
444.0
598.0
496.0
501.0
517.0
466.0
474.0
595.0
606.0
501.0
417.0
425.0
410.0
445.0
491.0
517.0
542.0
510.0
529.0
558.0
550.0
489.0
604.0
464.0
464.0
441.0
558.0
575.0
474.0
500.0
519.0
442.0
501.0
431.0
536.0
415.0
459.0
473.0
466.0
506.0
478.0
509.0
435.0
535.0
485.0
495.0
467.0
521.0
506.0
573.0
500.0
521.0
482.0
577.0
511.0
481.0
474.0
483.0
479.0
533.0
511.0
390.0
447.0
540.0
517.0
410.0
485.0
512.0
500.0
574.0
405.0
577.0
508.0
525.0
506.0
454.0
505.0
405.0
575.0
500.0
417.0
413.0
577.0
524.0
502.0
484.0
426.0
496.0
443.0
581.0
518.0
584.0
497.0
423.0
460.0
489.0
445.0
617.0
527.0
471.0
470.0
563.0
531.0
521.0
480.0
495.0
433.0
464.0
404.0
550.0
508.0
538.0
496.0
481.0
588.0
531.0
588.0
535.0
500.0
537.0
442.0
475.0
493.0
413.0
443.0
526.0
542.0
518.0
549.0
532.0
534.0
568.0
422.0
532.0
504.0
535.0
420.0
457.0
487.0
543.0
427.0
486.0
510.0
570.0
515.0
433.0
528.0
476.0
453.0
569.0
517.0
539.0
538.0
508.0
457.0
539.0
565.0
433.0
543.0
515.0
562.0
653.0
434.0
518.0
583.0
475.0
513.0
491.0
563.0
522.0
587.0
556.0
474.0
575.0
522.0
628.0
577.0
440.0
427.0
511.0
620.0
523.0
507.0
489.0
576.0
481.0
536.0
324.0
535.0
466.0
524.0
557.0
564.0
552.0
554.0
509.0
481.0
436.0
514.0
489.0
500.0
496.0
458.0
445.0
577.0
439.0
592.0
618.0
606.0
616.0
460.0
532.0
480.0
509.0
459.0
533.0
436.0
589.0
505.0
415.0
566.0
499.0
546.0
482.0
464.0
433.0
557.0
477.0
559.0
589.0
444.0
544.0
460.0
544.0
565.0
429.0
419.0
466.0
483.0
468.0
500.0
500.0
454.0
490.0
529.0
540.0
491.0
429.0
494.0
541.0
456.0
491.0
451.0
502.0
468.0
458.0
546.0
492.0
510.0
483.0
439.0
502.0
451.0
476.0
483.0
507.0
461.0
533.0
491.0
511.0
432.0
428.0
486.0
518.0
483.0
496.0
594.0
524.0
547.0
505.0
492.0
448.0
471.0
496.0
482.0
489.0
499.0
445.0
494.0
567.0
407.0
498.0
447.0
423.0
503.0
465.0
387.0
451.0
528.0
505.0
489.0
551.0
506.0
535.0
444.0
418.0
496.0
396.0
520.0
544.0
557.0
497.0
459.0
510.0
508.0
508.0
470.0
488.0
564.0
522.0
591.0
486.0
504.0
503.0
506.0
435.0
442.0
502.0
433.0
443.0
488.0
493.0
463.0
473.0
388.0
512.0
476.0
421.0
510.0
551.0
539.0
418.0
473.0
543.0
530.0
462.0
507.0
471.0
566.0
492.0
573.0
493.0
432.0
432.0
560.0
510.0
487.0
519.0
414.0
525.0
479.0
495.0
458.0
505.0
468.0
489.0
504.0
552.0
479.0
498.0
471.0
503.0
527.0
514.0
506.0
471.0
446.0
544.0
471.0
556.0
443.0
543.0
506.0
545.0
592.0
398.0
506.0
495.0
473.0
604.0
529.0
490.0
502.0
483.0
579.0
426.0
453.0
525.0
538.0
468.0
586.0
434.0
475.0
582.0
521.0
337.0
586.0
504.0
438.0
497.0
570.0
449.0
512.0
565.0
478.0
491.0
527.0
474.0
527.0
500.0
493.0
506.0
512.0
487.0
523.0
513.0
484.0
524.0
495.0
493.0
520.0
428.0
444.0
482.0
464.0
600.0
440.0
482.0
460.0
476.0
434.0
537.0
495.0
439.0
425.0
580.0
490.0
510.0
485.0
403.0
476.0
536.0
626.0
564.0
465.0
519.0
518.0
549.0
414.0
461.0
520.0
483.0
496.0
460.0
511.0
503.0
531.0
458.0
430.0
575.0
428.0
515.0
533.0
492.0
494.0
507.0
469.0
507.0
545.0
430.0
504.0
571.0
526.0
476.0
583.0
578.0
538.0
615.0
521.0
514.0
439.0
520.0
543.0
468.0
503.0
516.0
511.0
570.0
457.0
398.0
445.0
547.0
452.0
571.0
502.0
477.0
400.0
511.0
532.0
431.0
530.0
424.0
475.0
522.0
496.0
525.0
426.0
455.0
482.0
517.0
560.0
502.0
510.0
510.0
522.0
567.0
506.0
492.0
538.0
437.0
482.0
518.0
542.0
482.0
503.0
516.0
527.0
548.0
519.0
461.0
458.0
445.0
509.0
516.0
487.0
417.0
516.0
561.0
615.0
553.0
557.0
498.0
607.0
532.0
520.0
523.0
405.0
549.0
552.0
572.0
517.0
504.0
587.0
355.0
606.0
471.0
545.0
579.0
498.0
479.0
509.0
525.0
553.0
510.0
483.0
493.0
551.0
556.0
601.0
488.0
486.0
479.0
438.0
518.0
516.0
502.0
545.0
509.0
490.0
517.0
563.0
492.0
543.0
530.0
481.0
491.0
561.0
464.0
457.0
523.0
461.0
593.0
497.0
410.0
557.0
446.0
527.0
536.0
443.0
550.0
553.0
471.0
499.0
555.0
515.0
433.0
484.0
485.0
483.0
516.0
468.0
429.0
507.0
537.0
500.0
567.0
446.0
462.0
517.0
504.0
558.0
551.0
521.0
581.0
441.0
508.0
527.0
542.0
463.0
537.0
444.0
571.0
416.0
505.0
469.0
514.0
521.0
621.0
540.0
481.0
432.0
521.0
529.0
551.0
506.0
442.0
516.0
445.0
460.0
485.0
556.0
496.0
461.0
551.0
446.0
598.0
553.0
516.0
506.0
413.0
606.0
499.0
637.0
480.0
457.0
481.0
545.0
436.0
440.0
473.0
500.0
459.0
528.0
435.0
462.0
544.0
516.0
482.0
465.0
578.0
479.0
529.0
463.0
521.0
541.0
467.0
448.0
481.0
480.0
396.0
534.0
542.0
482.0
480.0
522.0
569.0
402.0
533.0
481.0
455.0
545.0
506.0
440.0
538.0
520.0
493.0
506.0
494.0
367.0
451.0
489.0
451.0
484.0
597.0
549.0
503.0
471.0
589.0
510.0
529.0
532.0
561.0
456.0
417.0
530.0
502.0
535.0
505.0
520.0
480.0
549.0
495.0
439.0
440.0
562.0
509.0
474.0
466.0
451.0
538.0
435.0
538.0
499.0
481.0
583.0
519.0
424.0
547.0
481.0
475.0
438.0
562.0
531.0
399.0
443.0
450.0
478.0
548.0
484.0
400.0
441.0
499.0
499.0
404.0
464.0
474.0
464.0
453.0
542.0
466.0
586.0
460.0
496.0
439.0
499.0
445.0
545.0
426.0
530.0
460.0
486.0
452.0
446.0
481.0
478.0
549.0
567.0
496.0
542.0
457.0
545.0
398.0
531.0
557.0
461.0
519.0
410.0
458.0
474.0
437.0
460.0
455.0
472.0
480.0
589.0
448.0
430.0
553.0
512.0
578.0
470.0
616.0
446.0
488.0
490.0
501.0
514.0
403.0
413.0
518.0
538.0
502.0
441.0
372.0
507.0
410.0
461.0
518.0
565.0
491.0
485.0
520.0
474.0
639.0
414.0
456.0
502.0
515.0
512.0
523.0
528.0
526.0
455.0
468.0
532.0
451.0
454.0
473.0
485.0
544.0
548.0
477.0
488.0
463.0
516.0
496.0
516.0
418.0
568.0
372.0
454.0
484.0
466.0
455.0
507.0
506.0
557.0
505.0
526.0
519.0
575.0
462.0
527.0
493.0
582.0
494.0
497.0
507.0
554.0
506.0
510.0
515.0
401.0
599.0
496.0
498.0
498.0
603.0
509.0
579.0
461.0
425.0
424.0
456.0
540.0
458.0
519.0
429.0
495.0
580.0
526.0
526.0
521.0
494.0
550.0
501.0
478.0
498.0
585.0
570.0
476.0
458.0
501.0
552.0
475.0
522.0
536.0
365.0
484.0
548.0
497.0
575.0
473.0
442.0
556.0
462.0
513.0
508.0
550.0
429.0
520.0
549.0
545.0
485.0
515.0
483.0
477.0
480.0
428.0
515.0
486.0
507.0
530.0
544.0
441.0
500.0
543.0
490.0
479.0
452.0
528.0
465.0
471.0
437.0
427.0
543.0
487.0
496.0
489.0
539.0
539.0
488.0
521.0
494.0
474.0
534.0
543.0
559.0
523.0
505.0
443.0
504.0
423.0
493.0
438.0
514.0
495.0
521.0
522.0
443.0
548.0
441.0
561.0
513.0
511.0
562.0
497.0
463.0
491.0
560.0
415.0
484.0
487.0
489.0
529.0
505.0
544.0
401.0
564.0
437.0
492.0
442.0
465.0
488.0
573.0
524.0
506.0
480.0
464.0
526.0
518.0
412.0
550.0
459.0
559.0
541.0
519.0
506.0
491.0
469.0
452.0
465.0
521.0
582.0
482.0
513.0
520.0
468.0
571.0
550.0
545.0
530.0
495.0
641.0
493.0
521.0
519.0
545.0
608.0
536.0
545.0
532.0
576.0
589.0
500.0
515.0
479.0
470.0
539.0
419.0
516.0
520.0
614.0
535.0
410.0
456.0
487.0
468.0
527.0
481.0
532.0
483.0
513.0
443.0
481.0
472.0
523.0
523.0
534.0
600.0
527.0
485.0
510.0
517.0
518.0
478.0
535.0
509.0
546.0
495.0
451.0
396.0
502.0
434.0
541.0
552.0
530.0
479.0
402.0
525.0
581.0
482.0
552.0
524.0
514.0
547.0
514.0
416.0
537.0
490.0
501.0
467.0
538.0
504.0
488.0
477.0
466.0
551.0
548.0
444.0
376.0
436.0
394.0
533.0
520.0
515.0
535.0
526.0
494.0
481.0
499.0
586.0
571.0
533.0
463.0
474.0
373.0
499.0
493.0
483.0
577.0
531.0
459.0
493.0
426.0
473.0
494.0
436.0
540.0
519.0
587.0
568.0
452.0
486.0
504.0
522.0
461.0
377.0
480.0
485.0
429.0
519.0
391.0
465.0
474.0
452.0
613.0
522.0
463.0
415.0
562.0
510.0
458.0
435.0
469.0
535.0
520.0
497.0
480.0
468.0
485.0
435.0
437.0
413.0
604.0
583.0
449.0
541.0
531.0
508.0
510.0
489.0
462.0
526.0
435.0
528.0
462.0
414.0
640.0
465.0
472.0
432.0
445.0
474.0
503.0
513.0
454.0
549.0
503.0
501.0
535.0
478.0
573.0
552.0
524.0
546.0
486.0
465.0
468.0
506.0
456.0
543.0
506.0
520.0
483.0
461.0
464.0
558.0
457.0
443.0
454.0
426.0
593.0
504.0
443.0
592.0
428.0
524.0
513.0
397.0
496.0
485.0
502.0
444.0
458.0
560.0
485.0
519.0
502.0
510.0
473.0
498.0
617.0
504.0
407.0
488.0
458.0
490.0
436.0
563.0
512.0
394.0
441.0
559.0
462.0
572.0
462.0
469.0
557.0
459.0
534.0
629.0
475.0
493.0
505.0
484.0
516.0
508.0
551.0
459.0
447.0
452.0
464.0
475.0
564.0
531.0
489.0
488.0
491.0
512.0
486.0
361.0
567.0
548.0
447.0
535.0
466.0
497.0
489.0
445.0
463.0
535.0
590.0
479.0
505.0
506.0
562.0
557.0
487.0
579.0
467.0
461.0
481.0
460.0
501.0
496.0
439.0
468.0
506.0
543.0
433.0
503.0
581.0
534.0
535.0
514.0
605.0
574.0
486.0
405.0
458.0
608.0
554.0
525.0
456.0
449.0
583.0
576.0
422.0
504.0
473.0
592.0
561.0
512.0
477.0
448.0
586.0
447.0
700.0
545.0
544.0
544.0
495.0
588.0
419.0
493.0
455.0
580.0
486.0
534.0
462.0
571.0
429.0
632.0
487.0
527.0
418.0
510.0
455.0
476.0
492.0
378.0
401.0
513.0
526.0
502.0
467.0
541.0
468.0
541.0
528.0
540.0
554.0
482.0
406.0
491.0
490.0
418.0
522.0
508.0
472.0
516.0
594.0
526.0
451.0
456.0
554.0
421.0
507.0
523.0
530.0
555.0
528.0
516.0
494.0
562.0
491.0
446.0
488.0
487.0
550.0
479.0
614.0
543.0
526.0
341.0
512.0
485.0
340.0
480.0
548.0
478.0
567.0
474.0
507.0
493.0
484.0
518.0
486.0
413.0
463.0
469.0
450.0
515.0
572.0
507.0
456.0
466.0
513.0
472.0
466.0
525.0
510.0
507.0
501.0
543.0
534.0
465.0
603.0
495.0
509.0
545.0
556.0
443.0
520.0
433.0
620.0
524.0
467.0
475.0
577.0
537.0
504.0
492.0
505.0
598.0
474.0
475.0
397.0
531.0
538.0
564.0
441.0
534.0
620.0
505.0
460.0
437.0
494.0
509.0
591.0
506.0
457.0
527.0
501.0
527.0
567.0
506.0
448.0
465.0
538.0
434.0
576.0
520.0
436.0
493.0
563.0
487.0
605.0
447.0
359.0
474.0
516.0
549.0
540.0
467.0
478.0
476.0
515.0
480.0
515.0
527.0
590.0
575.0
549.0
432.0
499.0
512.0
469.0
597.0
532.0
584.0
510.0
534.0
513.0
487.0
532.0
527.0
587.0
516.0
510.0
515.0
480.0
502.0
510.0
564.0
449.0
518.0
467.0
525.0
549.0
548.0
562.0
494.0
502.0
480.0
479.0
450.0
483.0
552.0
435.0
486.0
453.0
502.0
456.0
533.0
442.0
492.0
534.0
466.0
475.0
499.0
509.0
434.0
554.0
518.0
480.0
597.0
506.0
571.0
481.0
453.0
443.0
485.0
537.0
500.0
489.0
498.0
435.0
567.0
547.0
502.0
507.0
564.0
417.0
481.0
537.0
466.0
511.0
553.0
561.0
441.0
449.0
462.0
462.0
535.0
438.0
564.0
437.0
476.0
482.0
493.0
523.0
384.0
469.0
532.0
458.0
503.0
548.0
543.0
543.0
453.0
470.0
508.0
376.0
478.0
486.0
543.0
535.0
558.0
470.0
513.0
558.0
463.0
580.0
541.0
468.0
478.0
457.0
511.0
521.0
510.0
554.0
454.0
532.0
541.0
518.0
421.0
566.0
502.0
563.0
458.0
490.0
536.0
473.0
513.0
425.0
515.0
495.0
495.0
425.0
458.0
426.0
537.0
481.0
527.0
581.0
553.0
474.0
470.0
430.0
541.0
512.0
548.0
542.0
438.0
450.0
533.0
457.0
539.0
500.0
501.0
470.0
519.0
629.0
537.0
470.0
500.0
390.0
514.0
555.0
461.0
499.0
536.0
528.0
511.0
629.0
465.0
402.0
500.0
623.0
472.0
456.0
525.0
576.0
536.0
509.0
491.0
486.0
524.0
541.0
409.0
558.0
546.0
490.0
441.0
474.0
455.0
502.0
597.0
610.0
435.0
466.0
395.0
533.0
538.0
437.0
532.0
445.0
414.0
469.0
454.0
489.0
584.0
495.0
580.0
485.0
553.0
538.0
458.0
459.0
544.0
457.0
455.0
468.0
599.0
567.0
479.0
467.0
492.0
432.0
426.0
483.0
538.0
443.0
485.0
422.0
565.0
497.0
520.0
490.0
563.0
569.0
606.0
517.0
553.0
423.0
530.0
553.0
449.0
534.0
479.0
521.0
493.0
497.0
482.0
472.0
454.0
483.0
527.0
503.0
478.0
555.0
537.0
488.0
502.0
529.0
453.0
510.0
480.0
521.0
479.0
449.0
418.0
459.0
470.0
552.0
520.0
480.0
501.0
501.0
526.0
542.0
492.0
457.0
434.0
456.0
576.0
556.0
575.0
469.0
513.0
527.0
441.0
592.0
450.0
507.0
499.0
553.0
477.0
434.0
564.0
411.0
511.0
433.0
442.0
512.0
408.0
468.0
446.0
456.0
546.0
516.0
405.0
522.0
538.0
528.0
479.0
593.0
638.0
547.0
537.0
544.0
523.0
455.0
533.0
453.0
589.0
478.0
463.0
516.0
500.0
501.0
560.0
398.0
465.0
538.0
507.0
538.0
553.0
585.0
512.0
482.0
429.0
494.0
517.0
583.0
478.0
514.0
501.0
460.0
502.0
561.0
511.0
557.0
493.0
520.0
511.0
460.0
414.0
532.0
593.0
550.0
484.0
541.0
478.0
543.0
548.0
541.0
472.0
436.0
446.0
431.0
469.0
476.0
383.0
492.0
442.0
487.0
472.0
598.0
522.0
581.0
527.0
486.0
428.0
490.0
544.0
524.0
512.0
442.0
502.0
530.0
614.0
408.0
491.0
580.0
464.0
529.0
562.0
513.0
440.0
478.0
545.0
379.0
546.0
530.0
499.0
532.0
504.0
453.0
518.0
465.0
521.0
550.0
547.0
561.0
472.0
435.0
478.0
464.0
523.0
529.0
408.0
531.0
409.0
563.0
473.0
510.0
581.0
584.0
555.0
485.0
559.0
444.0
556.0
480.0
476.0
421.0
431.0
458.0
540.0
358.0
591.0
427.0
457.0
488.0
479.0
540.0
528.0
437.0
495.0
534.0
462.0
516.0
382.0
450.0
487.0
582.0
532.0
504.0
516.0
395.0
602.0
563.0
520.0
461.0
554.0
445.0
539.0
438.0
517.0
530.0
564.0
513.0
523.0
550.0
535.0
485.0
490.0
446.0
549.0
565.0
483.0
519.0
422.0
474.0
484.0
475.0
432.0
420.0
550.0
458.0
473.0
540.0
547.0
479.0
584.0
486.0
527.0
499.0
472.0
576.0
438.0
529.0
471.0
535.0
496.0
442.0
634.0
493.0
469.0
430.0
575.0
471.0
543.0
527.0
505.0
493.0
497.0
486.0
617.0
481.0
471.0
478.0
557.0
526.0
537.0
492.0
547.0
492.0
426.0
536.0
532.0
427.0
444.0
576.0
484.0
505.0
582.0
441.0
562.0
456.0
468.0
472.0
494.0
462.0
454.0
463.0
559.0
444.0
519.0
511.0
577.0
558.0
448.0
510.0
526.0
510.0
495.0
487.0
478.0
522.0
515.0
477.0
524.0
515.0
547.0
466.0
603.0
499.0
405.0
551.0
602.0
447.0
432.0
461.0
466.0
565.0
565.0
469.0
507.0
540.0
520.0
562.0
457.0
490.0
444.0
444.0
446.0
547.0
506.0
413.0
479.0
503.0
525.0
478.0
456.0
501.0
542.0
555.0
498.0
535.0
481.0
578.0
352.0
576.0
480.0
497.0
541.0
542.0
581.0
447.0
491.0
457.0
532.0
471.0
610.0
500.0
539.0
505.0
419.0
433.0
532.0
510.0
535.0
485.0
535.0
483.0
531.0
462.0
532.0
524.0
448.0
431.0
538.0
507.0
497.0
516.0
514.0
523.0
493.0
503.0
552.0
544.0
579.0
546.0
521.0
447.0
582.0
459.0
494.0
491.0
566.0
453.0
505.0
486.0
472.0
472.0
466.0
556.0
502.0
486.0
397.0
508.0
470.0
501.0
490.0
466.0
506.0
536.0
494.0
478.0
435.0
429.0
474.0
483.0
333.0
589.0
405.0
522.0
479.0
515.0
431.0
523.0
522.0
537.0
475.0
574.0
555.0
437.0
500.0
516.0
397.0
569.0
539.0
556.0
518.0
517.0
499.0
522.0
547.0
423.0
547.0
575.0
470.0
523.0
531.0
471.0
451.0
473.0
492.0
497.0
567.0
487.0
535.0
464.0
619.0
539.0
445.0
428.0
642.0
439.0
495.0
437.0
490.0
480.0
536.0
483.0
402.0
548.0
457.0
497.0
485.0
460.0
585.0
453.0
436.0
464.0
462.0
462.0
520.0
597.0
482.0
510.0
495.0
482.0
525.0
520.0
589.0
458.0
453.0
506.0
473.0
506.0
613.0
475.0
529.0
556.0
491.0
501.0
447.0
512.0
469.0
476.0
493.0
544.0
479.0
484.0
378.0
541.0
501.0
542.0
477.0
483.0
534.0
517.0
499.0
543.0
488.0
495.0
486.0
529.0
464.0
578.0
477.0
408.0
398.0
498.0
491.0
505.0
568.0
